"V1" "V2" "V3" "V4" "V5" "V6" "V7" "V8" "V9" "V10"
"1" 0.32979664840722 0.414743269649747 0.369639226901883 0.395574523532257 0.357367427558408 0.419785080367851 0.436739905175075 0.371271773149913 0.445956275158806 0.424240192663201
"2" 0.191585537856923 0.178854829524052 0.248708675717762 0.196143695683947 0.225971679157354 0.231013273502878 0.255140185256568 0.22625553333221 0.233899896324277 0.246995397967261
"3" 0.216738428961372 0.276522855924442 0.277179321271442 0.243746980780285 0.22081140009276 0.230666936826523 0.238465807714759 0.262444651706508 0.286967536320266 0.231776669339246
"4" 0.317128742447176 0.359648371668331 0.343334852223658 0.266022356287033 0.293993181104362 0.315038738511333 0.271261952533267 0.321952233470624 0.300396818357475 0.26272099167479
"5" 0.253469654211776 0.271957239723793 0.298042400891355 0.208183455470501 0.227046493690737 0.249089916561058 0.208458911388287 0.274564945116103 0.26059665520607 0.240642182864566
"6" 0.312467835414147 0.39696045493093 0.394171952636485 0.387684377564734 0.382593736827981 0.359812440254735 0.409238081715023 0.325389373647736 0.331516148525446 0.344541754363844
"7" 0.221094074700021 0.258587292051787 0.246604021720896 0.238212407859766 0.238493515071517 0.219113605513186 0.189854929301042 0.183726755750973 0.251668085664975 0.166048504464817
"8" 0.197713729048079 0.153228220545379 0.253358137035564 0.180777698447565 0.191296918190564 0.168712273004754 0.13906892578316 0.126833976591075 0.197474496086397 0.170902627780439
"9" 0.219972960772245 0.159170703381442 0.266862462176126 0.188657492732793 0.164749354515978 0.192279691617132 0.170462873815212 0.182751383499026 0.219017056793903 0.191708877946297
"10" 0.225578826280652 0.176618680120644 0.288158804602976 0.19362172489988 0.18967659604605 0.187611854863882 0.154780464579016 0.182019634574753 0.216621032514189 0.199054847292991
"11" 0.304053252362535 0.327760012954318 0.310214300620448 0.395216126661574 0.298670264345974 0.424303498838353 0.379646286415209 0.311920935538641 0.317749657573013 0.331626135590797
"12" 0.32147642387603 0.331484942019448 0.339522172179631 0.347716283146791 0.35615686986068 0.319080956369037 0.316191871875643 0.341293278667653 0.433172191224361 0.314490867079114
"13" 0.174289070175469 0.179894184517978 0.163350204466384 0.206061296963727 0.200819913397387 0.19737576431681 0.160990337760331 0.18922355019729 0.245643327757314 0.173050104653018
"14" 0.165120296228577 0.172088071091773 0.146085141770377 0.207414078112498 0.144040459003469 0.135178577409198 0.12875612505663 0.127010063800902 0.160065051062271 0.142840077048364
"15" 0.205189260571538 0.190180923126188 0.17702825147967 0.233112065022788 0.153119286617079 0.154992752288063 0.12875612505663 0.139665235881505 0.178890543118567 0.161071283600688
"16" 0.395253262585791 0.420461871935207 0.385521135394392 0.438538782121167 0.399905726977004 0.331119241368456 0.411203971372378 0.446497716847237 0.448792040090344 0.423463117093358
"17" 0.183888864060973 0.214497046458066 0.277879456600555 0.222013671708256 0.24371921935736 0.129877972135826 0.181116837658092 0.197767765256672 0.18097056825781 0.181112824896833
"18" 0.17939702815258 0.225346620009766 0.255761382502628 0.197361565845809 0.221409323486241 0.190488227501724 0.245783676521932 0.213329183242948 0.174819238595957 0.184896733340081
"19" 0.16018781447456 0.228916943713944 0.279880072201442 0.185525349322246 0.23867149627523 0.180670790233328 0.214902457188557 0.211806747263012 0.198863381811152 0.203445689925297
"20" 0.113114398025254 0.13661054588606 0.0937973148358092 0.132205630035478 0.14006386888923 0.168051332884237 0.13670833659243 0.126192320303974 0.121543096690252 0.130752180814347
"21" 0.628705914167032 0.552580675735123 0.666762762846266 0.624803320257575 0.538982239729478 0.576443737655368 0.515106474525549 0.630916132213343 0.642781969879103 0.539010816296352
"22" 0.241452985559145 0.343447410365205 0.403090790231453 0.365367460579598 0.324144543096838 0.420275534890946 0.440059983045048 0.270407262231964 0.409665124261262 0.302726964939948
"23" 0.341033135746576 0.506502675956831 0.447120616206013 0.459845527273567 0.403051601514667 0.392113759258807 0.422550960864247 0.446389899001082 0.512818166827449 0.444919252940939
"24" 0.278695845198392 0.238966566701869 0.273948923915881 0.310466656709121 0.300157698813189 0.276076895126486 0.271304230652355 0.235615974837818 0.344153936086508 0.315992345714566
"25" 0.366090437625254 0.312647434385864 0.330376946304395 0.356874777320574 0.363796797387691 0.352857185342925 0.308856120916922 0.345964714150431 0.237004815158224 0.272733830589609
"26" 0.336731356168505 0.455710309273536 0.433944723062226 0.456661844648421 0.445200045741396 0.450561248560979 0.460735022463969 0.471483989491164 0.448824621129764 0.370251088578157
"27" 0.227628064211979 0.245354409496279 0.258889680601719 0.307638714623633 0.291154044494429 0.212372430071079 0.256780537261424 0.334026017169197 0.226268679495575 0.241427974420627
"28" 0.215876596804247 0.349098091061475 0.32147912218838 0.251134749231382 0.266758822669003 0.32894855971318 0.273523773751749 0.291378898561615 0.283941464408065 0.314797653881036
"29" 0.422612831011463 0.393231473081488 0.423651013505646 0.363096076774869 0.39095462036129 0.490869258961314 0.413649919920569 0.417986812638475 0.272909352712001 0.448205969539136
"30" 0.28030119394221 0.287471426910884 0.326002985324947 0.355187480388236 0.359579479136765 0.294146556801245 0.302732804957653 0.225735274806032 0.296116884793311 0.356540017986917
"31" 0.157337044096801 0.202007521874094 0.212334589097731 0.188384739884524 0.173466194103261 0.204963082140296 0.167628072981766 0.176055978696045 0.137952354044254 0.201189894030189
"32" 0.270390782325981 0.237111647168397 0.173065783090811 0.263164607854067 0.258759351372224 0.274273654299347 0.253719844149321 0.243101135227517 0.216326324249299 0.25949705558604
"33" 0.375792301673407 0.534515474700552 0.211223736525451 0.368532928539965 0.362806993531708 0.373367990998653 0.257262819003471 0.310811784754133 0.337861814427728 0.318476230076831
"34" 0.349644170101709 0.414907795966795 0.240760538743909 0.320192298737974 0.323712118565481 0.338862204498454 0.298266307309286 0.320385128027876 0.327589187205935 0.27027384308925
"35" 0.205200042282403 0.359537036406268 0.248552862713557 0.237250215028642 0.208066137268958 0.272924865714282 0.24000420531285 0.247332492792075 0.26786821959591 0.186139891795881
"36" 0.211412078729331 0.264789431373875 0.278581295630694 0.23096839176718 0.218575402927494 0.28681749506215 0.238855437762125 0.214610373595977 0.255669106302317 0.180743340355281
"37" 0.356926428377843 0.384807318114924 0.37107339557472 0.335755826083364 0.367081807948554 0.373236361196782 0.387499923139898 0.377700205071317 0.351869149235675 0.423535066962703
"38" 0.306171828360747 0.292178929265324 0.266367372558348 0.258880218132686 0.356091239594618 0.313883220871044 0.325709639405992 0.336443714896924 0.35529276749851 0.3293964731513
"39" 0.271642328453811 0.274146897453492 0.26071063735211 0.275361062061385 0.299743023660713 0.27285623191687 0.24574587646895 0.214492288304566 0.203979938826862 0.296903970860925
"40" 0.420708813135517 0.373963296155677 0.372022119823661 0.277586935410456 0.397837368983164 0.329168934362211 0.456904709369311 0.323289953390357 0.422707622607946 0.338091011572206
"41" 0.309588957330442 0.269981406123302 0.266716486102556 0.270663145925233 0.279157591643524 0.267324788124165 0.262179868200685 0.208356471691188 0.243415277339479 0.267430313130118
"42" 0.372190193976076 0.38136607043324 0.376588648707047 0.314963858703324 0.344762298696751 0.353462289330626 0.351573723957445 0.366596182122949 0.373759856949279 0.287290997065399
"43" 0.442700824134244 0.357053853481586 0.366968533546858 0.389269997235066 0.437446550102516 0.440971119589945 0.302055357267594 0.325046815374336 0.39420396276557 0.329425412856415
"44" 0.301276350711378 0.239664469020916 0.273013681367814 0.29926890228513 0.318848308823061 0.323652970935619 0.293715546912667 0.271752228428861 0.30862524677861 0.26041127280293
"45" 0.12585937687788 0.198280561048448 0.169727367566005 0.207261935814062 0.20328511015607 0.192997659619159 0.175345723939208 0.225358606081491 0.195730019427717 0.214516127126501
"46" 0.240624103113621 0.296548189616491 0.254273122405586 0.253600058965983 0.304745647598827 0.332154073095563 0.239474116620525 0.315742066474124 0.258607623333897 0.272187211895382
"47" 0.54961032088345 0.62655592854977 0.529345006776847 0.517634330514448 0.610336776535101 0.615455068278349 0.628066537966972 0.612236667580969 0.577411285214456 0.466005841866234
"48" 0.193513041485542 0.248366709784599 0.20804993025238 0.144557285580288 0.203449016259913 0.202619953687913 0.22792782323877 0.24402014848962 0.188156861226602 0.24771596070075
"49" 0.242422889455264 0.244585415185176 0.26003752521827 0.181524616495566 0.256008840352662 0.244113082456476 0.226376281946169 0.188429038918491 0.224009527204705 0.240281594455381
"50" 0.273033889542382 0.310875301654581 0.291538513279055 0.319117128178271 0.316067014284983 0.275580423754388 0.204234315072042 0.29672974215841 0.305610738845781 0.340018888872042
"51" 0.261361689619769 0.304837545893278 0.258499902260629 0.283459937654028 0.225007030085298 0.313741964568067 0.24961230090221 0.273279889936377 0.245780064677991 0.322804342004529
"52" 0.28537229171832 0.325051920863427 0.279431990849945 0.306053053220838 0.298306484919547 0.358877908541679 0.354025221607942 0.299892588335578 0.29965723259887 0.301369973465749
"53" 0.293894122980492 0.287898738130511 0.367767934645005 0.268726282591839 0.318679415597432 0.303405543255918 0.282585066628884 0.263275328673395 0.228262730768625 0.276108967227876
"54" 0.409409126117909 0.450357263211132 0.531725917502482 0.556181724817804 0.494136161483412 0.551418778482659 0.525567997370999 0.482340343291302 0.538543656464901 0.450469045328395
"55" 0.184481980422269 0.239065055277515 0.186717089418102 0.240748661849284 0.225568479435697 0.208554342474809 0.215413433275426 0.269278754336154 0.233322755135914 0.272862874002475
"56" 0.342742709679834 0.342042661462393 0.359242473660935 0.380542182819554 0.449623594421009 0.418293169536495 0.325990533029511 0.402012948298294 0.382750805614682 0.323972318052869
"57" 0.509489036060628 0.472944194507968 0.393792819255966 0.443110885454506 0.511574422544211 0.505720866553754 0.368681546324166 0.488570719924967 0.457329443964368 0.292517481090173
"58" 0.532218953652266 0.509724550300281 0.42055784670867 0.46201144881161 0.560731174928599 0.516656712044727 0.451743058968702 0.52907316461618 0.490950352441381 0.325947352269759
"59" 0.537486509338802 0.505482692778493 0.42322701039448 0.299591689427761 0.386070247825168 0.499059867650671 0.545764677948503 0.476300679395867 0.324258153166488 0.467244032557825
"60" 0.320490583333365 0.365304981687922 0.404946644127241 0.342531249752731 0.33953219592103 0.427559623359429 0.394497638598339 0.381608898614682 0.355546958720393 0.366492784075288
"61" 0.306640736025387 0.306587889933115 0.362349393190942 0.313489201004425 0.333358630626675 0.410605645448752 0.377434948625367 0.325104446860212 0.312484437434163 0.343180170392951
"62" 0.248800304220935 0.25083265565622 0.260515432411626 0.207176860073273 0.257064922341768 0.284589321539187 0.290891097863485 0.257493342943988 0.189721070277064 0.301779849962532
"63" 0.516495341218221 0.5282454830159 0.536555749008737 0.608017063174393 0.483479392695428 0.519891753045233 0.501015328626125 0.506558761842145 0.454901039250125 0.540578881705843
"64" 0.326779116965482 0.324212297389135 0.38752021202239 0.315783803600976 0.355017314552994 0.305927911608699 0.337499873049462 0.212940306509663 0.342706396087964 0.344131482154608
"65" 0.22899750047066 0.233773610586082 0.240388957973826 0.22455148059434 0.248748737678711 0.206914935559764 0.213563413267178 0.161429521220601 0.258012709380039 0.241682217043722
"66" 0.236697285592919 0.19301040977437 0.175207988650677 0.218054359811498 0.165342898272918 0.13758727817691 0.193650555659643 0.150379603761098 0.264942575798977 0.200885286816823
"67" 0.351548924959922 0.274092582911739 0.270723679455074 0.321470434433634 0.257367586350052 0.201665267782463 0.24266716986092 0.193608911261819 0.406213792200419 0.313523624968575
"68" 0.439588025459564 0.359718212701642 0.400283139968498 0.447618400607842 0.50092160735992 0.38406090893898 0.532766080178982 0.388654216936567 0.452131350367326 0.453659966355093
"69" 0.356755445463847 0.389309651886142 0.326199523288053 0.369107930955054 0.370760171989528 0.358749235237349 0.334693259755566 0.324673776231228 0.362646975419443 0.314378351841576
"70" 0.330514811982571 0.50069392029516 0.451797426683219 0.423095609839713 0.504277413757215 0.357070842786613 0.393156899917903 0.411591847529365 0.512308216804547 0.407667951291601
"71" 0.374928161646344 0.319971772692182 0.365465432460908 0.38989142615703 0.390165893213064 0.411153468792336 0.264981069657895 0.333054362521443 0.417776154286547 0.384971368140922
"72" 0.324067678804188 0.34617553940797 0.34281541496367 0.245315610206292 0.305879323460934 0.265602641947292 0.372081124670855 0.351487428090583 0.364842309292151 0.278129103275406
"73" 0.172390584979692 0.179391270701982 0.174372506957351 0.180088345639774 0.129323048121751 0.174796092741298 0.145345000309856 0.150381431625507 0.0975720960331328 0.268502289161062
"74" 0.369106701658411 0.265118893356129 0.395424518055013 0.376298079642382 0.281757678081721 0.32485749399144 0.331024082740211 0.344882603508153 0.38886778761658 0.285378756689752
"75" 0.39916567058334 0.39424655399765 0.332491562815942 0.277262161869663 0.213640061171224 0.34282672298606 0.262728074222802 0.295277631236148 0.265303169526537 0.305698161678777
"76" 0.434788671720134 0.424761074280481 0.368481667284755 0.321436803462497 0.277639585103605 0.39705818101243 0.363123201434772 0.345682511690522 0.280816629604471 0.350617040049013
"77" 0.392556802240161 0.331277274108555 0.317613313603302 0.304792694480619 0.164766661213494 0.291508493313786 0.194800511721539 0.28958300008872 0.239757535575167 0.290711548364934
"78" 0.368196667346014 0.307611474948336 0.287449559861582 0.270905526566437 0.153708044829878 0.263911042225892 0.200982981712006 0.261765820098185 0.229745028482246 0.262070426107911
"79" 0.259783299584209 0.253162055072762 0.234979039509954 0.369536763069774 0.309727700948038 0.269475631450092 0.271675707162524 0.298971113769651 0.233743098916676 0.239493256375773
"80" 0.269023052309348 0.22288431112555 0.253708252428148 0.274247762179599 0.26248062699429 0.262578899115594 0.352097834477308 0.249848293374498 0.237863996499844 0.242536918851064
"81" 0.19460608415423 0.266135576535191 0.22329198723797 0.247088690584887 0.203572546861197 0.231961808997385 0.234535185322297 0.306459044575417 0.256870765994831 0.227448756296268
"82" 0.205995952373195 0.246187955528572 0.227196093547138 0.230673603075759 0.208321620774235 0.22424758122328 0.250312950963228 0.227378013324631 0.255690898809971 0.269162865986777
"83" 0.376222081834884 0.332926684648651 0.306820036531125 0.30823653887307 0.243444340234741 0.278411727405239 0.275827381898228 0.395344288649713 0.395316121766483 0.392189412259805
"84" 0.468628325320304 0.545713838154947 0.546896525323199 0.530622993676889 0.4520850626806 0.51519763967707 0.433943446962986 0.439400595720335 0.373987728160496 0.570184814305955
"85" 0.272937828341204 0.260139035807075 0.264235998256566 0.277550436833708 0.219248634911053 0.273547172589944 0.17124132619692 0.296413007944885 0.266723930370431 0.273677285553073
"86" 0.312821054576063 0.392085105125013 0.393084635516836 0.39357856811646 0.420622758986689 0.399396452204674 0.317891597444413 0.34514260582074 0.237103301546969 0.396670942285374
"87" 0.286979142747198 0.330120899626084 0.299040709848405 0.337577474827628 0.353264502785523 0.361112364257605 0.393403139249801 0.345383031136587 0.30325432760354 0.367249686635618
"88" 0.245053562962849 0.180617845596474 0.25684979923788 0.211413722428039 0.273225503274302 0.235529309415764 0.279461251933508 0.282080836434556 0.239385734622396 0.210746810844444
"89" 0.461638030873864 0.632458719744042 0.517648180054758 0.505645726942708 0.510519003125124 0.557666077996741 0.561372834023686 0.54856434239078 0.516949606655893 0.547321113555009
"90" 0.319217309656503 0.371821562793054 0.347607995569085 0.306363671620093 0.28868412541797 0.313362711959202 0.310581773016564 0.259473955230347 0.348738063222791 0.339382008353203
"91" 0.277982576860346 0.32680994576241 0.281944828159438 0.371109289073083 0.298377303046082 0.269451590384386 0.300231844918759 0.29181366201326 0.373014052145323 0.345818586866865
"92" 0.492357494082486 0.548102698202354 0.547481654987261 0.606839906532865 0.619181283002843 0.577861032497402 0.56312832164504 0.581014815444074 0.614791411324918 0.608626686332402
"93" 0.446641579304801 0.445814729468257 0.482124287984223 0.532492096387503 0.564398789965603 0.483960694078289 0.498870298255595 0.497853570012656 0.579837566176997 0.575227566668827
"94" 0.249526542219182 0.264083031816672 0.24818266569446 0.286593203439145 0.200928311156021 0.266244215826478 0.224160348705807 0.252608921483947 0.333165665494122 0.294567674933558
"95" 0.338042840518664 0.277115513957224 0.340205129113591 0.32211584022234 0.350558437549418 0.298380154519748 0.217964812902688 0.271732720036104 0.320201655568137 0.334936075386171
"96" 0.203208785646935 0.23914107092615 0.246203525626823 0.246877832694366 0.186081582722592 0.222698523203113 0.168626553985843 0.208657338501699 0.210934610589644 0.224616589010489
"97" 0.192159677606331 0.257680018395544 0.325120846341017 0.30630976010521 0.286644122153118 0.268367573008671 0.2674204349925 0.312426771344013 0.290117262489723 0.313798817790455
"98" 0.234724346566672 0.264523839805199 0.229630394909829 0.257005450348802 0.176463806012922 0.242616159200222 0.259813792448676 0.229571916912293 0.181377200640651 0.189143303265468
"99" 0.188470551495943 0.205504913395487 0.277389260050524 0.290578850861434 0.264149350923349 0.250477877299386 0.230696791613812 0.228027633847387 0.2611434753653 0.259305116664904
"100" 0.110118303494935 0.141190294401275 0.106567295442609 0.149347370195557 0.0897145279464412 0.113047742542533 0.120643921105925 0.13207605494238 0.096864444557954 0.0923273564813015
"101" 0.510659493201754 0.415304342037483 0.510962725798012 0.505010863764405 0.400019809481911 0.302617667852447 0.431800591911933 0.541204809006328 0.444781705092752 0.4315451253936
"102" 0.300383868749944 0.247880457011931 0.251015511885391 0.253055875992261 0.327788373000225 0.288514436938643 0.286908003711604 0.288622418083813 0.257951622759573 0.222353775664966
"103" 0.17769844648534 0.211947497744937 0.18968322595614 0.240614654676871 0.188362544749654 0.152346547039727 0.20293140013217 0.208886652075088 0.258778444020291 0.275276620293258
"104" 0.170278333072274 0.262777135810873 0.221681862125269 0.144603717288976 0.158401379661276 0.230693027049137 0.244421971712629 0.234646058939763 0.287518375812 0.283808709331059
"105" 0.251227181097381 0.205429028003938 0.202963233109543 0.219279218964937 0.173333080950005 0.24145953032743 0.232344714993811 0.257513405795214 0.233025743474348 0.220186469465138
"106" 0.2680910168917 0.34641309400148 0.314604190972098 0.292046544999053 0.300401839453456 0.351780943703631 0.349014495294828 0.309929845168017 0.331623691900142 0.376598092439363
"107" 0.18649612222478 0.254100033129815 0.254057753017563 0.198056433972558 0.242646223522605 0.268914823716152 0.258993085155083 0.191664793041277 0.213946197049392 0.252507382600865
"108" 0.470319158880414 0.523187192362294 0.628407471894623 0.53073299555593 0.504804511795097 0.532250674447872 0.548486032023871 0.589152254272533 0.466212563629361 0.421893360776135
"109" 0.26711366456782 0.320861737315549 0.380482378752837 0.279880869907223 0.325240677266456 0.347208953751967 0.370204576838616 0.257298828581581 0.291919415999395 0.291067883374565
"110" 0.315336881306924 0.351904547390697 0.378008137504655 0.292152677182785 0.344723017221967 0.435841122885801 0.394565909086073 0.316334084483813 0.307877702806409 0.316077415439613
"111" 0.280575486452813 0.340398867009267 0.373283082535643 0.302257956805395 0.334047303182682 0.421810815066156 0.371651379404112 0.332112947831044 0.316738610973796 0.335333289853243
"112" 0.376560087592175 0.377013684048365 0.339866010480355 0.34907213864576 0.402524530858781 0.410761205764963 0.332558970089278 0.356100009235648 0.278253242063591 0.303896934193024
"113" 0.625556674828573 0.649867732375819 0.654894396074348 0.684720357470183 0.580573945578561 0.647584127206733 0.63013516344488 0.559614232174677 0.551332064793301 0.640082448166781
"114" 0.373618835637746 0.376045153508477 0.456570458547208 0.384159767683445 0.358476607324923 0.407313877048672 0.279553909450146 0.450058430163835 0.406277402495346 0.46779867914135
"115" 0.289727094938539 0.304120793351432 0.329123194198606 0.285569148776448 0.220013236743843 0.267641944859495 0.307996763881241 0.317542111562753 0.266091061001007 0.203173224772872
"116" 0.399892562031763 0.395932510804762 0.394628936937335 0.485445581502931 0.410282285135267 0.416519950681017 0.429657648827789 0.457750427421891 0.392809147871479 0.443974384909615
"117" 0.374276431288333 0.372477699605439 0.357808897076011 0.44685064972376 0.372589537394067 0.376825932111138 0.405009668118242 0.423884580285513 0.370034753326928 0.420825522824998
"118" 0.223759803147271 0.240174119621936 0.223480146648389 0.245244171713279 0.249972635122197 0.250736685543912 0.280827664309004 0.211858892781048 0.212599955015232 0.2326681513045
"119" 0.291308171162291 0.348649301627709 0.257353028472632 0.338805377817678 0.318812845455849 0.320986343544275 0.355723733647721 0.367039312404703 0.338990512248587 0.416251655946912
"120" 0.20470362026607 0.163460444436466 0.174983408424604 0.293212970269398 0.199980191060964 0.176289655085778 0.186391359893924 0.150478442660371 0.185666712311156 0.243967635170069
"121" 0.11297168362279 0.0923781682093387 0.133072670697067 0.0962809272826116 0.13708140715921 0.08190530396028 0.102232530905754 0.0997065679519094 0.0928444588463579 0.125770902247841
"122" 0.169965369948506 0.11886907605226 0.173214024377951 0.135324211370197 0.173603264665621 0.100418689689529 0.15241164464389 0.124854631700554 0.145109355222594 0.13225124722134
"123" 0.220340232790937 0.159740884350912 0.258022977896953 0.176242993222306 0.251251544541077 0.139116638352005 0.213773031687598 0.165135063059639 0.183766874369083 0.171230916254354
"124" 0.344761214427525 0.379592709578202 0.41969033472442 0.380499656261513 0.325711917218543 0.393291610039127 0.362608841034858 0.353112152086661 0.314099049045144 0.32037926292701
"125" 0.429835803449374 0.446866733327196 0.428613243353589 0.41780037092094 0.400092270893585 0.401065053770105 0.429393628487279 0.442727725573538 0.430527207282621 0.405030366839075
"126" 0.439404938490578 0.442631296249653 0.445741532784308 0.400563585727632 0.38907747579736 0.398019595949714 0.450986432905083 0.450703483775909 0.416835386444332 0.413173561967409
"127" 0.439791890043819 0.389027696340791 0.43335219805386 0.332294986673764 0.392322930762076 0.379907910403836 0.420493641175507 0.402575301150364 0.405493099485838 0.402406650104485
"128" 0.464650994706014 0.449149745091954 0.488780868224878 0.465086928635864 0.510659768514591 0.450676008354286 0.484542748068039 0.563301008669157 0.510997243309203 0.359801369712057
"129" 0.26286443066341 0.230614663807791 0.292488951035237 0.252625962041036 0.271711319554792 0.290921506469664 0.291121794137587 0.289845174706054 0.283368293302947 0.255798603146592
"130" 0.166304609683349 0.147075713173193 0.152765178967678 0.151272932700291 0.137619635726471 0.176133183004682 0.143620994851013 0.180434894354085 0.163265303886402 0.184008808833831
"131" 0.173201826266067 0.18833926241919 0.172888824756064 0.166576061663388 0.199266597695332 0.198298398932128 0.257113792675621 0.177843148726894 0.220828413566271 0.224246491358334
"132" 0.197859862241779 0.195449675657257 0.179982164588906 0.190472862523834 0.208217957026747 0.190719969434766 0.240325903135022 0.195685333361571 0.216833961787442 0.23727431934595
"133" 0.324144430230037 0.298312158229055 0.393890401572935 0.38149598022507 0.384776125633341 0.401691741084795 0.423739248935341 0.368011984996742 0.57555485559049 0.367817839016443
"134" 0.371464582279135 0.413730229405359 0.392208499655717 0.393965509273458 0.419739562643359 0.440416111301665 0.452057721667862 0.37612460079032 0.416343331426578 0.359659955375402
"135" 0.271008292629762 0.292399818172487 0.357257546062358 0.346746663759648 0.377988244506694 0.373778327042707 0.412103066576785 0.364618886561063 0.439334558307246 0.303219212597828
"136" 0.257420179694247 0.245537648126146 0.349136089717537 0.367453396142444 0.344533112808742 0.364832091024342 0.419818899849453 0.38564273863352 0.403946847500702 0.324551238227268
"137" 0.444210353610611 0.362829432178878 0.418424634810513 0.497880743579821 0.482217231851305 0.436529424121058 0.488408254381904 0.453201580517978 0.466850669986845 0.490116046735866
"138" 0.375328945811763 0.398634030542226 0.332742614749373 0.418931431924242 0.383280182848143 0.434244194623543 0.338080169399655 0.418621576269399 0.352115066139575 0.351406630319327
"139" 0.232006934157232 0.177148308589311 0.257921067677177 0.248990335621055 0.21336328071851 0.28700898570163 0.232373247720756 0.263831152636819 0.207931369925676 0.206270967543699
"140" 0.376285501556932 0.453061338652082 0.471014016939563 0.427361136586582 0.462080697152633 0.474646137156537 0.456584705964543 0.454429658996693 0.368187374066289 0.334141820671877
"141" 0.209350679381592 0.205805482024978 0.269040984364729 0.234931186290138 0.215237972372415 0.245365438434203 0.23689584855352 0.235120984142716 0.184623091475453 0.222239766638135
"142" 0.246288471209902 0.241217844965327 0.289828180505068 0.252565230557729 0.265832200874901 0.255083823506222 0.233589195671743 0.233789488504142 0.207046510067786 0.201746987190051
"143" 0.497891395244153 0.468510088652814 0.419926365187688 0.521425274870372 0.428139933863249 0.496955873977014 0.486124642909159 0.402917411504779 0.495468600526099 0.460251969691499
"144" 0.140429404827851 0.196381670055745 0.178577837099262 0.191826606448698 0.200630245009667 0.23461730892704 0.164556851252807 0.145798647852345 0.16616234465006 0.158446332168062
"145" 0.241332117403904 0.350477458777897 0.380413566604348 0.432252625445961 0.359825954621871 0.367894192260174 0.296954421109656 0.294255266600588 0.303009180314858 0.352410618029914
"146" 0.210411027492943 0.243049828080208 0.260431944766712 0.263138335664749 0.289033339314311 0.310762800029744 0.235436168167713 0.254233104222942 0.258176736515705 0.270251259848033
"147" 0.288277492698302 0.260055727704209 0.294136866359698 0.322468107016105 0.335073897101296 0.358598096441756 0.279555635690354 0.256264752601261 0.282526034611994 0.297257851091561
"148" 0.523874631995331 0.577246732208019 0.534613828790303 0.449794585224744 0.496396736678382 0.412652449290752 0.492835527913163 0.5388599048471 0.560244824717472 0.52429747647301
"149" 0.290152565911933 0.281930923833979 0.270694319078404 0.272799092547643 0.281286439054579 0.199065607287142 0.217530976320049 0.237595497816889 0.244500402818904 0.205120424966474
"150" 0.252827679507067 0.260051840246875 0.245851888410663 0.188193100536422 0.229258468520381 0.182827720694381 0.187825780954302 0.237271183500915 0.199175743476167 0.232991318348722
"151" 0.214248328381408 0.195057067734008 0.187967294689067 0.139212900385692 0.177099709648694 0.179866175485862 0.188770343236517 0.216440286654125 0.161987509817242 0.173113841772265
"152" 0.215155438984021 0.170525040490591 0.181834246980376 0.138521163574274 0.166637299513805 0.163277349923916 0.158891243240125 0.221288795194239 0.151420684245569 0.174396121408282
"153" 0.400243700351052 0.420465488680907 0.39845098621314 0.425009700355716 0.456981045776769 0.428270634369073 0.413737994478248 0.419055412730687 0.423389338334314 0.433912689512474
"154" 0.534073920715558 0.585459062098966 0.410033960862736 0.421084069832793 0.538693187915408 0.437462864733393 0.583473761351511 0.551293891556049 0.574904066407946 0.469587101938654
"155" 0.370844384745485 0.323919622603527 0.357164298133675 0.268389356592032 0.354887223605477 0.373141812550687 0.316026551660291 0.371700680925802 0.34365625149559 0.199058246762658
"156" 0.270704099271513 0.306413034957412 0.388853417513003 0.293897194419568 0.246610581132061 0.268644837363624 0.320131957461968 0.297678309412445 0.263531726695488 0.25433865202253
"157" 0.140076704459811 0.214848913646505 0.194146427902983 0.188501230506071 0.180720386371406 0.173461706220531 0.283083867035801 0.221283497494347 0.158693091909895 0.193349195554387
"158" 0.445541935217591 0.452237154452958 0.52681941279177 0.477794381461145 0.508878834556323 0.428313053547209 0.451745725367632 0.426093525604206 0.476156453308118 0.38427589528593
"159" 0.1556709524524 0.14848601253985 0.138011522311401 0.120619299255019 0.143583734851804 0.155714041925233 0.169091264257343 0.15001576052341 0.169037990214178 0.194822144472924
"160" 0.235634883584117 0.169778998130399 0.190581029709726 0.153446110259838 0.211564549206531 0.189809439908002 0.236701667107445 0.194225508730849 0.183923491699261 0.231668152766904
"161" 0.129377164543388 0.135276832546575 0.12254297112984 0.0828593871906539 0.133141937073815 0.113185367171996 0.155956022020294 0.112627780911247 0.143836065865173 0.155783858288621
"162" 0.179816086273962 0.211004128120634 0.182644868218929 0.199117195816982 0.182202656890492 0.159345660207718 0.202349151946692 0.19413866388734 0.146302389947683 0.199075658345587
"163" 0.382164370697743 0.497861588336976 0.449016485218715 0.453040350780479 0.454030421452246 0.490363081585491 0.46704641069107 0.451463650450079 0.392492749027472 0.503935286276107
"164" 0.271821641484275 0.373858619686209 0.36089565991148 0.323920812626969 0.325787281828172 0.340910995721467 0.328616068604602 0.387773162751028 0.276704351208992 0.329305529546373
"165" 0.346311463369115 0.436514800499668 0.413696229840525 0.442917474192183 0.360045707568509 0.407772787115318 0.404342288076418 0.421937523308187 0.324352114061023 0.381963163770848
"166" 0.241326956850349 0.270463102627643 0.250166224893609 0.193503811624367 0.258916913864938 0.237767819946044 0.214307071633673 0.280234534229761 0.223876292402257 0.216263291164548
"167" 0.496554660752692 0.463811702601693 0.421582920485794 0.494332303240239 0.385407682558296 0.431143049805656 0.419635389858107 0.45492048285367 0.43829218641719 0.365907428798717
"168" 0.391516459917187 0.401079704042347 0.410595938888947 0.379052867013803 0.315613312531015 0.330635093008076 0.391142346351518 0.369854247978696 0.324077211878662 0.344550723107191
"169" 0.322402905376928 0.237005718165386 0.318340110686805 0.313659046565783 0.282106835796833 0.26489431996189 0.358592596723872 0.342979488451708 0.33870453478916 0.236826860803609
"170" 0.321707416363018 0.211894603791865 0.314559691003143 0.305663719021229 0.252499893875225 0.256768159335414 0.354417276200805 0.291958607230353 0.346824145097465 0.233732023508362
"171" 0.449461018031045 0.512907623288795 0.537171403755774 0.537883170781453 0.521704186281481 0.414224827499206 0.619629028452515 0.330626256728733 0.537103556683527 0.574643286857725
"172" 0.43748073086707 0.444315420301167 0.425617797910363 0.452546203408419 0.439944791012036 0.31919043739869 0.490135650608684 0.336867129857143 0.474672206324848 0.452905604054861
"173" 0.333779970022073 0.365610630468582 0.308502888084012 0.38254198326332 0.307427147374836 0.261420994386476 0.434310964625488 0.2625558175061 0.31961705036566 0.339835715430223
"174" 0.661662863272849 0.552289769513913 0.624895021454501 0.551604932190776 0.577337796540845 0.537527598311821 0.477304721494446 0.65380504591093 0.555428028516571 0.566437022889117
"175" 0.160573815477068 0.151765506857233 0.22163082316982 0.191305963183204 0.16077761586161 0.203484906380391 0.192791536099887 0.23844365839008 0.190621083054202 0.22547375948093
"176" 0.25158884894237 0.28279137363107 0.247478475597577 0.23195616470744 0.2794175777973 0.254849385127686 0.22786400191615 0.245389154962576 0.22273267207255 0.292809733986037
"177" 0.17234733748083 0.138672680506942 0.178960642667887 0.136376223060031 0.202389614897773 0.137812016086225 0.14932052112469 0.136957280450725 0.13806882486642 0.172276153302906
"178" 0.133134165143403 0.170821104065196 0.110814490815703 0.118408501699374 0.116042221323028 0.118951546437118 0.142516565165237 0.127348961300404 0.123473177812724 0.117447449642933
"179" 0.157811866759315 0.187452352966288 0.0858419692711883 0.170351938479044 0.134697502331038 0.136003861340433 0.14858226116046 0.124861427620673 0.129042813550255 0.131552334158506
"180" 0.322602747757744 0.293375071567656 0.283281584693799 0.331112081479875 0.296654969196229 0.297585766397652 0.345388897081331 0.35644866104427 0.285087845003449 0.353875099801596
"181" 0.213150587947544 0.214683039011505 0.179380889092521 0.279961109943428 0.261142480201719 0.202806350290867 0.278695195428244 0.265733382715485 0.225654492610059 0.24208625094575
"182" 0.175400662481801 0.184861398710602 0.158746852241998 0.219205220714886 0.190175671248878 0.211933475245982 0.240623894160545 0.276578005641884 0.190902394831668 0.239439747512629
"183" 0.189376773398397 0.181511226909532 0.188499860799087 0.196794760081994 0.183818181497971 0.153039162822525 0.239614429350827 0.245265367040997 0.194016016349829 0.2441366963542
"184" 0.216556628521486 0.209695881711085 0.224534693055981 0.187796047137301 0.212338933984467 0.160886493139267 0.252619409153272 0.261322731382082 0.223337805721127 0.252829482744529
"185" 0.299427599628005 0.332587208711107 0.267201018785577 0.291240525884542 0.300575481899938 0.340870572413485 0.339963022382795 0.354623894438656 0.398049402735839 0.243178811678763
"186" 0.231134804163981 0.297520479535854 0.236587194970549 0.302623084214254 0.262957974612279 0.331668262611216 0.250618996917336 0.334762847817888 0.352053188282443 0.26918765692636
"187" 0.317440990239525 0.298490402968695 0.263426797709913 0.349758374422745 0.325473276777775 0.296554518428292 0.255334990605666 0.369763463441039 0.24753548369987 0.290307892198037
"188" 0.22406990758378 0.244920969171565 0.298680799802965 0.269504036389384 0.304776235482302 0.236910464276878 0.27936327103379 0.32708242903105 0.255762478588272 0.341096821415814
"189" 0.219217437551335 0.301082397019094 0.318290072854789 0.285554519181001 0.326260491707781 0.204628614488738 0.289226956342641 0.361875593267384 0.257995580831229 0.364097806296214
"190" 0.361041492324847 0.387105445717621 0.383092316334611 0.415528081472305 0.460811834558335 0.42385900692615 0.447712309200434 0.342058491808283 0.451994882506561 0.290308613911072
"191" 0.246464672220805 0.254412096260325 0.164253507321219 0.24323608513285 0.2207788278088 0.292890953785851 0.293595907285469 0.239478379418952 0.229626995783684 0.19839109278102
"192" 0.220728842589296 0.252715304849036 0.15471097460724 0.213427930986536 0.225361550821302 0.242509796574677 0.282286246869442 0.201316344789485 0.202096363538123 0.184074112122195
"193" 0.28927698416496 0.24224675052449 0.265739338736145 0.227360585937719 0.217400682866855 0.263243029162494 0.255067129082604 0.259644459474303 0.27092769088483 0.265833766953645
"194" 0.490891323703468 0.45142656584982 0.50960986239038 0.596489499690987 0.571863916629737 0.502312670765042 0.448096929166025 0.532640661592535 0.569938888731569 0.407987491592671
"195" 0.294781590938042 0.423664550581551 0.335270302233838 0.401858230273781 0.377309127757371 0.382629243364982 0.428587779681975 0.351123356107238 0.348656425448421 0.373969201060056
"196" 0.385508074806144 0.411151676479467 0.342461922385714 0.406856274812642 0.371820368798883 0.308428059664794 0.428223466707677 0.289099390291307 0.344971698248652 0.432021899389715
"197" 0.191015194332142 0.219909598279299 0.207204932832145 0.215284071419891 0.205910208843953 0.184915147127234 0.271376886819025 0.205516102780862 0.180543026281947 0.182255145929854
"198" 0.449197799847348 0.472315248493968 0.41520844810339 0.454448854575778 0.401237908151542 0.380067153029957 0.510184167189333 0.373659382857636 0.452586014396994 0.480837352744112
"199" 0.321788708286128 0.372023942275845 0.379431269788771 0.356569177236529 0.425528083364441 0.392137394596542 0.460608166758385 0.438295265400743 0.450572117924049 0.372771489326528
"200" 0.417084024895535 0.280317660793657 0.309305895534945 0.313439739170747 0.335889266801226 0.340347486320213 0.317314608273324 0.339552210555275 0.259707064866577 0.389375089462185
"201" 0.229377651570559 0.164540378833241 0.226504220760866 0.222414682945342 0.308588025997289 0.231231978664716 0.161688194746952 0.304232258292502 0.232095034130064 0.246488835360449
"202" 0.559891045780319 0.5476144916828 0.572730683073337 0.530528427389875 0.540159306556117 0.484087484851322 0.453270769521761 0.448645658272477 0.567746049796227 0.476808538525984
"203" 0.430242429689399 0.448956223463053 0.482390871754513 0.503247029516417 0.480447755093875 0.38644120615976 0.400484444032538 0.444280185082993 0.466501344656219 0.377875114977687
"204" 0.193924758885133 0.18121549389019 0.203230096126635 0.13706491931466 0.142423836306194 0.154317169516719 0.146597212461969 0.184892707468867 0.183988167035904 0.169192220308811
"205" 0.353465620963285 0.379553270471538 0.35033777906965 0.348399548266932 0.314903082645888 0.292293051259374 0.233045134874847 0.300830902691367 0.333446290814651 0.317716773987626
"206" 0.293989791246293 0.300139219018136 0.297497399622733 0.245819406876679 0.316294041709023 0.489451170203328 0.26365386779552 0.269538769138516 0.304158807303921 0.321951233855082
"207" 0.255260008389898 0.150493328015993 0.241593382850703 0.236654220471327 0.23378402747363 0.163027759368015 0.198884868883652 0.229062282645926 0.237042716188252 0.236900068347966
"208" 0.281630301704334 0.203923207408664 0.301642670226929 0.346416506771876 0.241461593020539 0.252868444767892 0.399822298457401 0.313151378248348 0.269963109759011 0.234421629048182
"209" 0.205119665286177 0.230582403546927 0.194783397210618 0.220458010539754 0.214580623918038 0.219913619681794 0.301683302154199 0.207457531194712 0.201026044104393 0.186072879459954
"210" 0.251336504190548 0.338557772367979 0.2417739305984 0.281606968909339 0.296594252322177 0.276357431250539 0.348357323793338 0.259952121074614 0.281539306066905 0.310324556685712
"211" 0.227848038503169 0.251337174205191 0.215480148726128 0.214866626897025 0.213078073597311 0.234938711486089 0.292698033478726 0.236999847329984 0.207375397864982 0.212010444326981
"212" 0.17507443278312 0.207731338572712 0.185974561545134 0.201026680326512 0.204264312982997 0.184983826093966 0.299769388149549 0.168146584734808 0.193991387502277 0.202889154369612
"213" 0.307761371320431 0.380267560946698 0.315773330905493 0.368970281543603 0.347771673940207 0.304304372626595 0.347281394600104 0.382394480305338 0.364753125848836 0.326126372226121
"214" 0.399514381243105 0.377675951227853 0.356321309818873 0.393011164963308 0.45220992170692 0.381429613063291 0.351933663098367 0.4201806246855 0.375074695904112 0.246883577025544
"215" 0.216380434553028 0.301117100531988 0.301903359912143 0.223724534908248 0.282692367708863 0.259404488935804 0.266524263823699 0.312436447666903 0.266824042146281 0.265998786871041
"216" 0.20369156418562 0.156130655878392 0.131302688685045 0.169561209551091 0.141034176476737 0.168830739647793 0.159181957043054 0.1646138162641 0.185067336555591 0.182741957218608
"217" 0.174513257377245 0.152900159099738 0.153120906705027 0.181391322970888 0.138636604152772 0.157420439827034 0.171293813574278 0.159796925818986 0.175247946251722 0.168945245687599
"218" 0.345588761233759 0.384179113095821 0.332245103563929 0.315415082898101 0.339049613145815 0.344891025663219 0.356142009962799 0.312347032288671 0.358349778262399 0.388325291048711
"219" 0.121254860361618 0.13066162177043 0.173018164099958 0.162834402586042 0.154479908135855 0.135720260247295 0.135035172867193 0.162788231911584 0.122449418787314 0.16298156979455
"220" 0.293914314802654 0.283917130679472 0.330523417310544 0.33286417111147 0.257715055908049 0.322824248793266 0.261846550168213 0.229380530724706 0.277835425752926 0.292705368572569
"221" 0.301413347042312 0.268942524510055 0.211221642666824 0.276309167427163 0.383767344692187 0.274037670195376 0.260554395453909 0.181859877301924 0.238765032685549 0.241632040756488
"222" 0.356549326252325 0.389031185587652 0.259717907648273 0.340947981950544 0.307554833756784 0.310134772164163 0.304014527524852 0.364801327457433 0.365697691701044 0.312289733505478
"223" 0.0972837549661908 0.0969329202488356 0.0817861513323602 0.0650904199264456 0.115249695288408 0.110138042679143 0.117102521968465 0.120083785267251 0.112067873485076 0.097506498573445
"224" 0.153666727293816 0.224496317450948 0.209018466177634 0.191090181038546 0.168195993873542 0.170091962087073 0.200625203317811 0.197345906400082 0.143351642482441 0.218776370713682
"225" 0.476546107879801 0.462052597878287 0.375600527450813 0.37475014191021 0.424761296967471 0.365481776614817 0.343992102589965 0.400980172872124 0.342893283984079 0.506188609607303
"226" 0.254498759310122 0.377459247179663 0.238803471041711 0.36688753803633 0.348441199911996 0.324041883570807 0.335294051294112 0.267356335734376 0.332300413556876 0.253543563910198
"227" 0.173529359590168 0.126137275306467 0.134663829253275 0.132031376245721 0.126742727154455 0.11818315470495 0.112932581038626 0.149381394375066 0.19537479154404 0.11708302537916
"228" 0.412425736199855 0.449875059304215 0.359310591103159 0.382277179904214 0.401679887526902 0.393766840733124 0.403813172016532 0.325322786154502 0.411757393751288 0.335019837986338
"229" 0.338908683132883 0.280995025060421 0.299639626401008 0.304303692777328 0.3131242112813 0.277429808382193 0.251526567979432 0.275621947523439 0.270823583161951 0.270211079599372
"230" 0.273407272993444 0.291109987499186 0.262244982194139 0.245984036164044 0.24218758039627 0.248849107681699 0.320763092321435 0.245475429811729 0.301279390609596 0.27404599930314
"231" 0.355190814762329 0.217264504763849 0.378092323119236 0.378584962009653 0.385168434651509 0.341175971327871 0.37285737709056 0.335933731155908 0.403389108564444 0.32176614425787
"232" 0.311112364097882 0.297534574841736 0.349513460394273 0.472727385773563 0.398105873052604 0.22924586488036 0.378377284810147 0.285964739018415 0.410787798664313 0.369292621030883
"233" 0.374330043292554 0.295143621297546 0.381193340353018 0.375417873170812 0.318993348344572 0.294501861095664 0.35376147863934 0.355552952188536 0.320941922869593 0.298878730626933
"234" 0.420921983849868 0.328837260149209 0.335558878702311 0.449354482551862 0.402262039715845 0.397358269105941 0.427205979977439 0.417114305447996 0.404427212793178 0.368850667821247
"235" 0.179336498416667 0.148556877004325 0.200394002139515 0.153235463582893 0.166988033434454 0.164625385812497 0.150227418271631 0.181444984192283 0.150428290667281 0.192285297599561
"236" 0.169491695528823 0.189407799661974 0.219802931562038 0.218269385018374 0.126464875371401 0.147675521614426 0.178435074668798 0.138358548786717 0.140812682283022 0.151670551026549
"237" 0.20844399865946 0.20071685464548 0.330628790498333 0.283516846712842 0.210428718033592 0.224151264748323 0.231254109373265 0.196413478838983 0.206113355305919 0.219116262495675
"238" 0.516005135759679 0.515922767954692 0.497559796046845 0.544435911937885 0.442773960604302 0.509958911784749 0.512621520826502 0.447037248757842 0.616757801730807 0.474136379190064
"239" 0.149438567462824 0.177385472076851 0.152665240510659 0.228793380713699 0.157809205084551 0.157430598297218 0.124647088384967 0.168755535762259 0.106513397990149 0.16793499692013
"240" 0.123952562267231 0.222420077965333 0.154492177326006 0.254251492882691 0.203874861806051 0.193267008225353 0.184447643940301 0.174221732878464 0.136573368234234 0.23254877869383
"241" 0.3064963372611 0.349301996503439 0.325608717234405 0.309545468433494 0.361894374051259 0.364599117290167 0.341416972026002 0.368147354001231 0.316732388269212 0.404157625669404
"242" 0.334238827821442 0.290347001502301 0.336046280241055 0.38734946235563 0.376198827099783 0.349985442841679 0.326919041645406 0.320024937360398 0.307012120544505 0.356319571831283
"243" 0.343417422509913 0.363614213677315 0.469181162396504 0.411794993941491 0.402717992492204 0.386635794302768 0.4573069612494 0.485189450461946 0.411041469423895 0.385288898772479
"244" 0.286422063334677 0.290910351450638 0.350064479352498 0.344497673330459 0.324824186270283 0.264905837491833 0.365849520452944 0.388414106884295 0.371295808280034 0.347806700662749
"245" 0.39131194557698 0.325524649329868 0.416118542105756 0.349443682271397 0.409735728177318 0.39647130150974 0.37926647510069 0.425039102859205 0.28898229226141 0.424014548104379
"246" 0.458492948110522 0.426683985563759 0.475132918125067 0.473299699983707 0.482438207117517 0.563445397949041 0.498135379692899 0.48439831792377 0.53554172817516 0.559086277563642
"247" 0.221802376259988 0.178995745957741 0.130625243467677 0.17038348132119 0.164425013873761 0.157300528623893 0.154855442479193 0.153940032793453 0.163879728693291 0.133192288240969
"248" 0.224456835625607 0.250162592899227 0.198746377296193 0.311217695423792 0.274568763028039 0.23660939834539 0.262654884451725 0.245577520507334 0.243516494079202 0.294881624741097
"249" 0.209485334542241 0.158323480663218 0.128318908370176 0.208092722107496 0.191341123457939 0.156414533771572 0.176025042922253 0.160609286633548 0.162809600181767 0.163440469024162
"250" 0.251592010538715 0.203613682035466 0.178864758594557 0.212669144885635 0.200528656491278 0.215856860122394 0.237427708595392 0.180637889247164 0.174251098306666 0.189936092250127
"251" 0.246700009969755 0.233010237337098 0.220397720060041 0.300430481685576 0.257067003972852 0.244621967807161 0.221919494309496 0.254753832970696 0.258303171011528 0.268942112974341
"252" 0.196563900379013 0.204335180057569 0.186678062879633 0.257618070423324 0.206422373285193 0.196962422352141 0.217238487163547 0.155618601497589 0.263453565840374 0.17822284215386
"253" 0.126001647719698 0.157379531179962 0.172973451924768 0.15672943196525 0.162365662867858 0.128305825381489 0.149005464978816 0.105665311639626 0.124835927444236 0.11947564737241
"254" 0.141356388137457 0.220757527767863 0.246713071784699 0.204882376390289 0.208713231693585 0.169043058445756 0.195232799227735 0.187524549014867 0.160958146766772 0.172438318474196
"255" 0.132985690047093 0.245126252631203 0.227674579855778 0.197578270045848 0.213040798061905 0.199237270663115 0.21534138822475 0.2439700480801 0.232723982141669 0.235415482717913
"256" 0.453625389576599 0.4777998387834 0.434760275253298 0.379203647571805 0.4207854919753 0.34495471543941 0.432499998402416 0.464780573838501 0.486299723971278 0.463444031845139
"257" 0.269276871521226 0.280146326243265 0.282755060065284 0.329234986444578 0.28122697313307 0.259168473770722 0.307364900626803 0.256905706739943 0.223175824528628 0.318268983297142
"258" 0.313343288848503 0.247854285895799 0.311260914303294 0.319302008473024 0.31423277983765 0.267746930375637 0.327352686204163 0.316981482271708 0.240124141102829 0.352875543916008
"259" 0.251015802275578 0.275387244304193 0.241975939672576 0.288315163705841 0.213559190177209 0.341611236606936 0.246554496180561 0.246939773603015 0.201487701237904 0.235980345007731
"260" 0.266312896092559 0.323252916825226 0.252444921363223 0.325228663597755 0.247309632703646 0.355536741353159 0.268440974147623 0.262095987839906 0.241020515181222 0.261658940482633
"261" 0.365443411436686 0.305247841107926 0.351073297592119 0.400411178013509 0.409768399915304 0.347591143681954 0.33293536255733 0.398692460813623 0.401222160549307 0.322240811758607
"262" 0.417071330502705 0.419628161743292 0.33679601080242 0.421878627368089 0.326397197697834 0.381467683477021 0.321048945675876 0.38220498571126 0.416153068770051 0.395366244995752
"263" 0.502619597745293 0.459946541559139 0.295112298490295 0.512437943761867 0.502621030756247 0.271795045094457 0.477680419096729 0.513226419128637 0.319216169812241 0.411916983241857
"264" 0.349845704975833 0.355126010379917 0.332858151529426 0.555383345820867 0.443472822936929 0.46676539873084 0.457199473012167 0.399685546525542 0.433549705660325 0.420915403155737
"265" 0.292197288477817 0.353000326713683 0.33217871368779 0.32453910103036 0.23032064551743 0.311953457276879 0.336266419316167 0.319077080419464 0.273036068020964 0.382351432085204
"266" 0.192561618966226 0.215021973010759 0.327410833708534 0.289285848984363 0.212275131144067 0.257094528069506 0.256336963478415 0.325608889182023 0.227848151275495 0.292659423191858
"267" 0.24391558314268 0.274404118629955 0.394925449832637 0.324973122654062 0.307320398655289 0.345639745645702 0.307505105841071 0.370195476441182 0.297758762878324 0.365339694118402
"268" 0.379662613160298 0.432183545595385 0.45349624710933 0.402577381972452 0.464180429455148 0.435198357682414 0.478950229345479 0.448682381748629 0.542385144851315 0.415837374716049
"269" 0.339663179573731 0.351709952170931 0.353113052337912 0.384746885680777 0.41979195953782 0.397623270110199 0.492417632598965 0.450833950382581 0.409541977681758 0.438563496950191
"270" 0.188788084546097 0.186559303062257 0.195474654768882 0.188285752537885 0.234999486329535 0.167422049877935 0.199315280545588 0.227323164371596 0.178250713857209 0.212730283666386
"271" 0.387077322052011 0.213105137870817 0.368222627211591 0.337992073813782 0.385395637677233 0.195600844653923 0.371036351050355 0.363063387127436 0.207941464172845 0.389996594957505
"272" 0.288149989746061 0.199281581952409 0.242781022651299 0.267547221016527 0.271117670213725 0.196347917247162 0.267408438735008 0.277580885720239 0.178801729538454 0.298109153859963
"273" 0.44738737241846 0.415590465226875 0.39287363400064 0.444460549706437 0.405499364745861 0.503562662235759 0.474095617780183 0.463720870001093 0.430541771577245 0.476430310812026
"274" 0.29847095130251 0.294349016508588 0.210751149604003 0.261258680850206 0.16070198316482 0.248147334729475 0.212193149740639 0.263657264460473 0.278336379254398 0.240639959905196
"275" 0.374520206530767 0.366629366839561 0.279518541151174 0.372779305235471 0.238322379021667 0.385966512620799 0.274285524156429 0.327568961606316 0.383085724316939 0.313280803334204
"276" 0.356482399456767 0.352350389256399 0.385764041776984 0.337887707043365 0.313253144779337 0.292029030210553 0.295840424315254 0.297475397119473 0.271803708973656 0.321918642183996
"277" 0.330477629512704 0.282079232639801 0.277165451511836 0.41047031555761 0.463383609276829 0.389947253298912 0.36612236655791 0.448021451156727 0.348389392144955 0.344362444162415
"278" 0.266311187923675 0.271244629951211 0.267586385700435 0.304426428376885 0.288074354223298 0.341930805346564 0.333720571359586 0.313695584482014 0.308980205615643 0.31385467533172
"279" 0.251667179735811 0.355060469229221 0.354810576152273 0.384376042541488 0.339604927239969 0.336146299790108 0.318914372265544 0.29949264535238 0.377872344663953 0.215013350890883
"280" 0.389086018909514 0.401644367921377 0.431269251291539 0.355140662689481 0.341137676670083 0.34789325751386 0.344378931014717 0.328964089695067 0.35829268206005 0.376970947509599
"281" 0.304599819055711 0.380032397223566 0.279966847610765 0.32002872357899 0.259434311878814 0.320983490673438 0.347583252299868 0.318465066369374 0.323331002366553 0.267847390432496
"282" 0.475083592765277 0.454902877322594 0.426258141868649 0.407144627470914 0.49851569325594 0.43814875168038 0.457397120677924 0.470646904535285 0.399181501506565 0.318729243469504
"283" 0.268402884053065 0.378452143557507 0.300678643614554 0.273451912789056 0.394698982029865 0.349315096698453 0.295273855980723 0.306622104489659 0.278941275553531 0.210217909190111
"284" 0.220947723830737 0.286726099004905 0.213262866842073 0.221640117818058 0.288637383561134 0.286908966200387 0.235337230483948 0.220507615085857 0.197162948224816 0.184612442048563
"285" 0.236207893583986 0.30583556771525 0.250839278854853 0.263361468049473 0.315017375488517 0.338492127666802 0.239055382890547 0.257798684255783 0.231277329369505 0.262651529828549
"286" 0.253764665031319 0.306244057438119 0.194985020788923 0.306121132367486 0.327244737041487 0.25237906289012 0.337220362453329 0.259890851942728 0.23779781298675 0.178900492032501
"287" 0.400502369550192 0.291713449525905 0.337681160335643 0.398292923728065 0.362016616059786 0.443898286644293 0.291119698160679 0.355329633142391 0.270820281947838 0.390516560516935
"288" 0.383985746008819 0.455202589004355 0.35267519469713 0.438649895898977 0.41324391746791 0.495969036765378 0.434927581352286 0.434694978792649 0.462722984907734 0.472686239118227
"289" 0.241268317750028 0.229407238991631 0.277827736677024 0.222993914569226 0.173249931551768 0.203383986736925 0.27336398904082 0.199845986109392 0.233563460893293 0.250639509233562
"290" 0.335265168091455 0.288974281986551 0.397063346092468 0.257021193550891 0.221698471856239 0.252249696285792 0.357745481406557 0.259251634593049 0.272532055653832 0.272006643076841
"291" 0.329416056971751 0.259875567557429 0.363277276156207 0.243990197493287 0.234977545128893 0.248687664309915 0.338704366810147 0.246496549833231 0.275595035570569 0.254621668147251
"292" 0.490459847544751 0.452717079995969 0.394692291918712 0.380787319006179 0.565389782507546 0.471698498239758 0.403844000272729 0.503407886268238 0.491346455912693 0.509715166627131
"293" 0.276358534826392 0.391184872531633 0.275046381182146 0.186614419842235 0.320452585788618 0.300011040655463 0.292769073357652 0.266809155005412 0.27881121093422 0.264116652279386
"294" 0.186112253321773 0.194341521667385 0.170149996273028 0.16579737004092 0.324687285579576 0.203345538475184 0.153039280340233 0.201007450103157 0.19638559108411 0.19640996783108
"295" 0.336413391224606 0.454459009668892 0.314782406621581 0.22181572459029 0.363871202873775 0.340217625237902 0.377425301314958 0.296212456458653 0.31370951456944 0.310360839850897
"296" 0.355726548039548 0.420494957616076 0.329580587395685 0.223534338310211 0.390801735600218 0.410078526373234 0.427948428092526 0.362838734072738 0.341938106589958 0.329080095054347
"297" 0.216444275674804 0.263265432047424 0.305297556666309 0.265143300713708 0.261009037875308 0.256662412257364 0.253035334888277 0.264491064465145 0.278375163400598 0.288071945502525
"298" 0.207527987975952 0.162281070999311 0.211462626061309 0.233714664811661 0.212427445287372 0.193691787010049 0.197920198117229 0.189226454106558 0.178986368601039 0.20810267454982
"299" 0.311313651508283 0.266349905263414 0.250467117415093 0.297221935884888 0.286977376580096 0.252400293961849 0.301512399224129 0.270075570035162 0.2520746133346 0.306799496326364
"300" 0.29463531608598 0.251460196562496 0.256729518192584 0.234365899058527 0.256625442260015 0.249744304177294 0.299305239767672 0.269954379995813 0.27022774113389 0.286247851835643
"301" 0.230958799773827 0.218511158042741 0.178453815027309 0.208780596986815 0.189333530144665 0.226293547439096 0.254747951542302 0.249464459045832 0.248077394513037 0.228842005621782
"302" 0.199498069146225 0.243809084167425 0.204381094553133 0.227466840327075 0.226842023855781 0.252648060471019 0.239310562132379 0.293799031848113 0.227246368380083 0.263992723370089
"303" 0.305902040930327 0.23218608989495 0.285721123454056 0.271408842529053 0.213610604314096 0.252264963536401 0.29273931958958 0.276812164346456 0.303531233936885 0.259242532551427
"304" 0.27171642447622 0.249703038926161 0.227246661217275 0.277946894996299 0.329842002104227 0.261728657940555 0.231179827481576 0.349636254288981 0.343772801146387 0.277521566719893
"305" 0.315555150218145 0.298493796540103 0.310143758482678 0.344279842710734 0.325100234320801 0.242283315969822 0.335225244997615 0.205411470317028 0.307363754097444 0.328451015306672
"306" 0.288829568134222 0.293468155640645 0.275148154174335 0.233675187511566 0.288396403649244 0.179668103404449 0.261960468025732 0.264873750822951 0.268302498776155 0.226894780997918
"307" 0.408292647341998 0.33192036829327 0.237953282577855 0.418275244207405 0.350410569334547 0.373546401788493 0.374484157519302 0.218064723464381 0.34559797190245 0.373663339688961
"308" 0.234520275557934 0.197253976245922 0.241550256502168 0.2024730984224 0.215946134904229 0.227613664497232 0.240005498479737 0.209255505528465 0.241001567930662 0.200648139321665
"309" 0.187989732732488 0.218484834539245 0.200686992792939 0.138536862609496 0.164612969791521 0.210311397627155 0.217016878304097 0.238768354194168 0.19716204538838 0.238493304587756
"310" 0.266547827634123 0.227145798417232 0.224421644655115 0.253662043073207 0.185059121532216 0.200835608485508 0.276579868775554 0.2318423621644 0.217822491644884 0.182752039885823
"311" 0.284415596015263 0.226562007234398 0.183361855451265 0.272754645013177 0.154885214824708 0.208854597175843 0.238645152733993 0.220812746344765 0.222169309342588 0.164282010688392
"312" 0.396537418047898 0.478955003957255 0.420058871408186 0.41738583463241 0.337867809021715 0.414570971029488 0.436615596459735 0.431824871088112 0.399367911605788 0.436091841118328
"313" 0.264193035571747 0.31608784144521 0.353214321589661 0.264078989104386 0.28669097558616 0.237569579367393 0.339431660275248 0.284923067028224 0.352938108908953 0.346020905736894
"314" 0.293231471663775 0.267183511310704 0.316061143454696 0.282770167034333 0.249097013042577 0.248736524594228 0.255120078262014 0.261588150572186 0.280117529034342 0.271272504863334
"315" 0.368552280178366 0.311765435225118 0.403444988689195 0.3417659757271 0.311332755904166 0.317218369194715 0.353469919578352 0.34666454335152 0.332827385680969 0.358217241128641
"316" 0.309431895392588 0.289461670130564 0.328400166844372 0.306556525026396 0.26970556645297 0.276023926050051 0.294324149600191 0.278846370783347 0.291751311545667 0.280447462292027
"317" 0.264069339904957 0.23053560062681 0.205426770041476 0.257118214811302 0.249071810649381 0.267265310303825 0.196064462651012 0.213530782202436 0.228595373597261 0.227934398746324
"318" 0.432249894725386 0.254609534777228 0.28539472476287 0.362766277562381 0.309316500304645 0.334777269417672 0.3605261285459 0.317074542278165 0.364211411290082 0.246169265524938
"319" 0.17662132840288 0.193172322132412 0.216481161338933 0.184354073524259 0.151101313032517 0.185603142963915 0.195371842754534 0.173792326449223 0.205334836363242 0.180115709399263
"320" 0.197000659399674 0.17142859738086 0.188163002300045 0.181850026006669 0.254320582472085 0.185139722364017 0.147603255605015 0.158833474639013 0.196539327578186 0.216840245092804
"321" 0.651331939094751 0.572575167610288 0.664115614727274 0.616414898141272 0.610428098568705 0.661474140402857 0.649091760841405 0.684333515033714 0.654916363140725 0.665331081904995
"322" 0.265721210757062 0.340577062839988 0.304365224359962 0.291066710309325 0.278270867364722 0.271668191620282 0.299290294713852 0.332508252427506 0.306990493083148 0.29463887247814
"323" 0.221039329212624 0.23337252168183 0.255354958751548 0.205129957295166 0.201679720645302 0.259036051292365 0.227025743785931 0.300601630155856 0.240894392326684 0.228495651401853
"324" 0.309404796384661 0.369501316993042 0.360546573857807 0.402611514084906 0.377628534677713 0.385128335071005 0.294535493742383 0.41640855605541 0.318635201816818 0.333645501741118
"325" 0.22743008526923 0.304952152648417 0.34876017899476 0.273431174789725 0.271438044309377 0.33055829781664 0.274005120038008 0.341725147793509 0.259710878782309 0.291266613399909
"326" 0.402985929658333 0.464927195901891 0.553116567388588 0.519023371835309 0.486191813485402 0.493544833241817 0.560671832589672 0.491704583497864 0.492910774127155 0.462355595477468
"327" 0.269781122318751 0.422046089581608 0.446396614562551 0.41508241456877 0.421322543003406 0.420212193594818 0.431638034334326 0.405292308023432 0.429385909089567 0.395620955972945
"328" 0.287971224477981 0.379533168273627 0.399507473168208 0.382506837518123 0.366149630235452 0.342763372128685 0.32348783476974 0.378304246231423 0.421603700410672 0.361311535275562
"329" 0.193915324570379 0.392922355098058 0.331158592560331 0.307435098254704 0.34369607081914 0.381075914453922 0.340703571207215 0.340637054275377 0.355132282467444 0.352277499406923
"330" 0.144895140464135 0.27144194601926 0.222441776659554 0.211711366493348 0.164726167394175 0.233813389390654 0.266872000185575 0.242218543779839 0.246450157461146 0.249126887197543
"331" 0.344607168898416 0.446915614239233 0.414583316684861 0.414642583461804 0.339742007269074 0.393264684031133 0.342487466501502 0.383523297265666 0.446166471143215 0.340862360010357
"332" 0.365405362961086 0.437279920000896 0.343057826928958 0.372258448462879 0.407112342707892 0.514318775925675 0.399784539577181 0.448450057026484 0.389285902883019 0.449244616334742
"333" 0.228415501674196 0.267050423367718 0.217700761681997 0.255926832819873 0.260038517675686 0.23722174767044 0.240108493881271 0.277160659106097 0.281067930224993 0.215679572384816
"334" 0.363689556704232 0.393454365080216 0.341466689422445 0.349842680273354 0.345264256350767 0.369736417982841 0.369239771707525 0.407023979394095 0.404148800844973 0.298398287751395
"335" 0.325146823709652 0.309764670333362 0.333187472825824 0.287999867781849 0.265235686640651 0.330987353545126 0.268082781803734 0.289899261808668 0.320376123732412 0.262896623548855
"336" 0.28230056747374 0.182449609419072 0.338002572239509 0.170732367012419 0.323276619827887 0.329041771432813 0.219064111787386 0.298363475784323 0.264679579246844 0.305994295198453
"337" 0.251302004550485 0.251712238529708 0.218942948508367 0.19843455581474 0.189425940778883 0.235679191375413 0.235790668634048 0.219035820903883 0.281908542131859 0.138498824023289
"338" 0.0958593058436649 0.133192621669946 0.151388950731525 0.117585850371932 0.0985432025753109 0.100999636267949 0.0958170985389941 0.104364247263676 0.16621059486434 0.109655318923661
"339" 0.132764288878059 0.214859832687232 0.222678714666238 0.167431052416045 0.14658450333804 0.201965563532536 0.192552639941009 0.185143736838272 0.167228124228253 0.132084321052968
"340" 0.506962022067621 0.501952840153224 0.369642994368098 0.509754449856104 0.493024467660929 0.51868422687265 0.465237956487716 0.414027745304793 0.437182183396678 0.418374885900389
"341" 0.314822042511651 0.229480679317039 0.376937673781849 0.367546263593923 0.370522914712475 0.368838514002224 0.229936282078653 0.247662668113603 0.315442013032937 0.454804218210754
"342" 0.254109998365364 0.276105377071076 0.288188448355952 0.279147097111661 0.317484135869681 0.333697416368333 0.302270004850848 0.247193095912491 0.25799253877045 0.34106939612879
"343" 0.325403689243346 0.356467401686865 0.246232965999265 0.345208385215343 0.328351906913318 0.303360023379719 0.311308992101801 0.283368950662292 0.328472382443812 0.361013045389025
"344" 0.26979841574547 0.289807928457476 0.288973802398594 0.30102571112278 0.325073530681309 0.32321884492744 0.31611988860868 0.261837590081509 0.259558542738255 0.379165315682434
"345" 0.437352931674991 0.454668272665947 0.476054083006101 0.415456354586319 0.426245883059825 0.392675664744932 0.482319774761097 0.347056121476287 0.411915658031133 0.433005175175141
"346" 0.321438670733467 0.387739791114568 0.339216751627577 0.32337765306628 0.316486997425698 0.281320925513467 0.327075200328844 0.300177766678412 0.331857421791125 0.288021161534746
"347" 0.37412290007083 0.386235338811286 0.343247898649919 0.333183436493321 0.361994850254118 0.304393771965207 0.375540098780159 0.38812788900184 0.38415911615977 0.346208178490693
"348" 0.28322588877153 0.298690432631021 0.303031846259347 0.309711444235846 0.268972324438527 0.271745602776124 0.253172502968802 0.28634200022531 0.306210791254061 0.284150265381693
"349" 0.360300869173231 0.455686663819916 0.413199958368439 0.333908028985773 0.346418204108957 0.31369561663621 0.379093262625194 0.305291938885313 0.335889173144619 0.353288353339316
"350" 0.633979828193733 0.621198546792439 0.606927414581582 0.598964230227028 0.681769612371499 0.468710139274483 0.666390043522614 0.471998671054792 0.534805367407438 0.591683435038063
"351" 0.181930719940894 0.258587528365799 0.264329012896153 0.237338504190357 0.260615289386138 0.253965232860453 0.267912821512688 0.252565630441664 0.265533338545969 0.249440826941552
"352" 0.228715744866763 0.0974603749059606 0.180699931503725 0.12616319202307 0.188001484110908 0.204158154536207 0.160391479776811 0.196566819744115 0.188197360541724 0.160288967237041
"353" 0.380232042667821 0.36856824003776 0.330464016724398 0.345003513366378 0.380030376878193 0.437517361605157 0.338204205516528 0.309627712365794 0.342056823222108 0.426017216147782
"354" 0.210755037484149 0.258660644621524 0.27248688791045 0.252607858896253 0.282082366753216 0.264404145350749 0.282697434725562 0.246976802602836 0.250846643008977 0.267143618492819
"355" 0.39024748284347 0.347414443999783 0.367334342908199 0.393917602178341 0.436102353137846 0.415647587567982 0.395117786085565 0.409539711663368 0.43216839429456 0.481441236739286
"356" 0.274022239708163 0.290742191149834 0.200603914977041 0.278760486968187 0.230128952026993 0.293301169254879 0.214180306225584 0.244286374384578 0.26937668257978 0.277928302050902
"357" 0.168508517711544 0.221360528219439 0.206903894743118 0.254165110822961 0.208024588212952 0.203765652073108 0.191043233515488 0.170305766214186 0.181842785053058 0.201772902706108
"358" 0.342985601301462 0.32497603914973 0.371058724175093 0.340442485439631 0.352657042891233 0.313508765715001 0.414188890684271 0.321265972264342 0.315334810026229 0.311126313586925
"359" 0.4782136375154 0.52953615942198 0.511158404736899 0.386429419667915 0.492954596834741 0.473910740081604 0.526170366263948 0.47832123575697 0.536876367881298 0.525095689432666
"360" 0.440824549590589 0.467686539222154 0.601974054286955 0.569171870644735 0.566330112163136 0.51673416313099 0.540062329817571 0.465712568341467 0.535114162841488 0.55611039188971
"361" 0.318493434571883 0.391725867844796 0.4790318094006 0.427254987365795 0.358011095762661 0.43281953408004 0.443377435491783 0.39872406432787 0.372303112649419 0.375046252904864
"362" 0.439737770878959 0.45968516363684 0.466128351022074 0.492804186075592 0.424087044138836 0.475607934850866 0.434470282713477 0.438072194879396 0.471208143536999 0.431273689723034
"363" 0.23404015563053 0.215207362812885 0.203269153282152 0.202088609495891 0.195559033453751 0.230954879693258 0.200223751826234 0.18918977339634 0.219889972637027 0.231684011734149
"364" 0.157091514318473 0.218258655377989 0.216845909984939 0.201503701224986 0.221003174534865 0.289442537109472 0.223548132772907 0.206007170789222 0.19345008213624 0.202457090767806
"365" 0.179777212397268 0.203127107151053 0.199736012128572 0.200780792290446 0.184085853829441 0.243751194666711 0.210880954977261 0.187281841794368 0.19567115478839 0.199646988839015
"366" 0.392277057140448 0.357709000931991 0.480743637339033 0.45129803488545 0.434428662049659 0.468155885473199 0.388989219706174 0.488706328928734 0.409563735866446 0.409695251027007
"367" 0.297056746815451 0.2817618743722 0.385677795012864 0.344360740251257 0.291499107158561 0.317554118143209 0.258302605187746 0.266010359927375 0.315433751085655 0.322271176092639
"368" 0.306280510770794 0.282847779361959 0.402685844492624 0.344421879288195 0.300455195514649 0.332415573537636 0.278961265318466 0.307587143981209 0.31998951835605 0.337340112399956
"369" 0.292281098825207 0.301106969307664 0.315628067655005 0.31968840322034 0.323277481588846 0.318797106709963 0.256814890103139 0.326704837731458 0.324716545991844 0.324136311453776
"370" 0.483813358888248 0.402679304333841 0.389324066374088 0.39722470764707 0.462719210343668 0.401243220550308 0.370761226240086 0.519841142132715 0.340816575532074 0.358668718780433
"371" 0.210732806955284 0.228738057485622 0.201834163154743 0.245270788348723 0.187506795705283 0.185401624436672 0.174861254853481 0.200113787154324 0.188043347596562 0.199672864426353
"372" 0.1983867954198 0.231591598307088 0.207321010409817 0.241564716674235 0.167744323080355 0.193999136211411 0.179230616358846 0.206333158597115 0.16211794081658 0.227501727202344
"373" 0.659935619309817 0.547633984689917 0.606245377003556 0.543365885066085 0.661540137763396 0.573839307327528 0.574786960332223 0.589164662528376 0.463803567308409 0.518944692045618
"374" 0.175136860457882 0.338340302154501 0.209528972081307 0.274297593432178 0.312969831594113 0.320634399489165 0.270721635804735 0.262302717772576 0.266627286103421 0.263698778151757
"375" 0.183912751526218 0.250775384362599 0.239403794170295 0.270914680560399 0.241921847542717 0.240981324802626 0.284992897216276 0.14903663312836 0.194271098869734 0.221961603480425
"376" 0.152455350864968 0.178991715808951 0.165907278628572 0.164734338088343 0.248848519756045 0.180963634232601 0.118223025523105 0.0964172660801372 0.141121086689334 0.147447864074802
"377" 0.1666101418095 0.170171124558625 0.151779083327847 0.161335987078926 0.3099646433389 0.155154415498048 0.134597547171794 0.122843806860843 0.143254389066415 0.163123901238551
"378" 0.447019542261194 0.473238029588379 0.467492535589153 0.416827497126257 0.469455692721908 0.471298115844098 0.58446930966292 0.395382610999046 0.488012568734959 0.390345424789291
"379" 0.26865563070108 0.217121590759509 0.222026767519722 0.256618583973749 0.247252274954268 0.234094620991838 0.254663629184387 0.181181938822626 0.244072396806137 0.21452073127085
"380" 0.213941996752698 0.183887717265853 0.222753627869827 0.230033280197065 0.240917354319347 0.215566208293425 0.25468122228608 0.181967186254932 0.240066366671186 0.205179894330012
"381" 0.217175330086031 0.184192833127004 0.230573486189685 0.228548469355733 0.23664952091818 0.228400840328057 0.25473122228608 0.179963412670026 0.245861604766424 0.209678394003855
"382" 0.213941996752698 0.183887717265853 0.22008696120316 0.230033280197065 0.240917354319347 0.216066208293425 0.25368122228608 0.181967186254932 0.238466366671186 0.203179894330013
"383" 0.409756767778821 0.394038906692772 0.291155380690847 0.453728774727518 0.351702194246836 0.426844705986472 0.429747378319256 0.447529761762235 0.392287859956801 0.424550276709849
"384" 0.33320584454653 0.298939872026813 0.297809455632006 0.384470700072006 0.348665717981292 0.41974376939602 0.401942448860223 0.337069885243982 0.400719611365461 0.313315643679767
"385" 0.124265951693163 0.144542462690823 0.0855246949561956 0.143050666916427 0.130264516495144 0.114735010689311 0.120994873505204 0.147229706542 0.159452101092992 0.157503026915271
"386" 0.177579607694367 0.121926878074495 0.124386635431267 0.192354654732571 0.162187374580981 0.168066643537542 0.132328820293855 0.191601020736735 0.128978391284057 0.19926364553828
"387" 0.161033867701689 0.129406926352651 0.104716543737009 0.16561661853523 0.171084148954361 0.175673707777411 0.145157708154706 0.166149296601746 0.130179150124701 0.188329761458872
"388" 0.393033561062798 0.441039596333171 0.35753390900653 0.29888476596339 0.365554368177992 0.419333539752411 0.326071301528897 0.358034311156035 0.251926278910471 0.394154870363019
"389" 0.132652989418761 0.142635402058455 0.126551157782665 0.162380028185768 0.151664521092794 0.144034437804178 0.143058314139852 0.124010101222653 0.132827356767755 0.1290919772554
"390" 0.241689312366001 0.259956619612459 0.176837264424959 0.280023023160521 0.252688578392165 0.233402660755174 0.227095293361683 0.206129412670151 0.221448432308216 0.236151651792796
"391" 0.140612571899468 0.174722754668531 0.18149867001062 0.210447163261823 0.205513412806542 0.185015837466563 0.173739254298954 0.179184271131746 0.211566270147546 0.162042607816323
"392" 0.149588297741642 0.1917535786848 0.195062974994777 0.199951376640986 0.167332001797216 0.186090932838501 0.156743004127799 0.146711053017623 0.156982439079857 0.155086758638257
"393" 0.393279691376225 0.48314819123147 0.412876485185588 0.409902783685318 0.410289466510268 0.342920699739546 0.368779845723558 0.316145176126357 0.411475531092981 0.432248457860988
"394" 0.226630236864441 0.185118572500456 0.18104107649811 0.226539225612845 0.234776671470151 0.234819384500492 0.225756322362122 0.257542888410621 0.213303104986418 0.149498244366132
"395" 0.323933243197795 0.295411090608508 0.337594217190478 0.373989067922544 0.366149483779116 0.372520973576409 0.320986471084274 0.425246143417343 0.324087500507761 0.266783155457654
"396" 0.140668911036104 0.191181886138989 0.163540020773348 0.140184392355587 0.157630287458248 0.179439943888541 0.164652857327931 0.170569693007653 0.162511735211457 0.186954206213702
"397" 0.113420656605082 0.205790541484891 0.15558235397188 0.13909752310962 0.225969440738632 0.207627927082492 0.178629797747868 0.175676192427543 0.179858275018094 0.292617129468237
"398" 0.290534921418531 0.223800417969773 0.257016932617287 0.229010779049376 0.234718338295345 0.20148771743858 0.223426421578734 0.189905473429841 0.196018215352966 0.241569007662232
"399" 0.297972942722939 0.288756985405666 0.338884007871461 0.309692180916387 0.297645968928442 0.309383072194413 0.324507866467721 0.260273475404015 0.291447044937755 0.371770171715089
"400" 0.528592297144425 0.541776676127629 0.608284860043078 0.540636276046568 0.534336559592359 0.546302101764813 0.621860695453512 0.519593347763863 0.59292811742946 0.522821964356086
"401" 0.259307207913181 0.383104873788756 0.275833529091057 0.301413037250481 0.294474304886732 0.242726908860385 0.351442917869066 0.22194774327726 0.331892636802065 0.213349249956583
"402" 0.444025847060432 0.508778638858142 0.470578613835032 0.463882123531061 0.353184589795645 0.39774410845454 0.491999351735278 0.418615530164494 0.448060626521053 0.490400158383406
"403" 0.369145320768947 0.369727998997699 0.419784266998163 0.357663267440232 0.286351864193737 0.340282157282792 0.358765002748414 0.359190621179829 0.395125656514386 0.342096122772477
"404" 0.401656144945636 0.381259586025889 0.358873542409598 0.39783397181296 0.357378890394042 0.381730354068931 0.395000752619319 0.345618330621514 0.386125135346475 0.351295134196312
"405" 0.393258911447649 0.367526252692556 0.354432084482025 0.368299830347099 0.335876331425403 0.363473654976509 0.368450374840246 0.323738499057149 0.369490238290084 0.345513759455586
"406" 0.425304766165226 0.389149583398791 0.397522159854851 0.404252526560063 0.352172620694749 0.378164823412224 0.392776115841404 0.359449241320011 0.409234041717882 0.364256630746151
"407" 0.687746345180479 0.620494152634502 0.612986992848636 0.539061609908421 0.606335418730616 0.579537754964292 0.555936278331686 0.650568934293512 0.602988005199508 0.602056794361913
"408" 0.188634773477901 0.266064451591911 0.213728658112655 0.18347794351524 0.183520518780066 0.178506571749482 0.214744026363611 0.228799726674275 0.203974356668469 0.205696717503331
"409" 0.253802108720838 0.225943751228336 0.263001055552984 0.309226852293101 0.2785679123494 0.300099171284686 0.219489402288138 0.291421179656997 0.269916393077518 0.251969627354356
"410" 0.23315787999 0.268198161858646 0.297703607960098 0.216930651947312 0.26455077561434 0.267780119811146 0.231305350148063 0.293171713148688 0.320463649211922 0.250893898888311
"411" 0.268743252757571 0.261949520936274 0.277426432555888 0.248981544545897 0.301349495312779 0.338743896135115 0.285156844962493 0.2604251552647 0.275264355243115 0.362477314984006
"412" 0.597220168433444 0.62673087846266 0.60673853834893 0.55718970858175 0.5771781564549 0.55327033256753 0.60471598262794 0.634560700074521 0.587746816210051 0.440322182831272
"413" 0.337440929301226 0.308159173788731 0.288525678622754 0.299079038350278 0.315428301235898 0.351637455671873 0.412463544187806 0.318315712020134 0.377790798558465 0.318833900077367
"414" 0.15006565573872 0.208868917196699 0.146528256337994 0.178780448276788 0.154499724733542 0.130473838976171 0.165140731189928 0.151982012434724 0.14497983236717 0.190741007223467
"415" 0.312494716986888 0.317834413493593 0.29914900825927 0.349709530306744 0.269679410488373 0.299060297277296 0.312473098119015 0.3485186927741 0.358595220914661 0.271603240175322
"416" 0.190979717339732 0.256075295708587 0.216176201305891 0.146322123195077 0.220812091753316 0.207636891551114 0.252025794627675 0.238433012630541 0.208392834697204 0.252990785883915
"417" 0.166736616407412 0.186791483599431 0.165083586690998 0.129812710992388 0.173188167034105 0.171922154114727 0.175845536415181 0.193397742927889 0.214681461800252 0.196225103601509
"418" 0.432366619830909 0.337887088024725 0.366590815054049 0.381900999130535 0.341059765726865 0.396356139592905 0.452768895318632 0.364207569761001 0.371057791489682 0.338851621367967
"419" 0.289427893517302 0.239841956111245 0.208750994678985 0.243994363967513 0.239895128710245 0.215707835594071 0.256990491656812 0.250186302946499 0.211231980262274 0.266009206908103
"420" 0.325541692608456 0.300950173517806 0.35457637128798 0.307309773132615 0.30137063778859 0.273350556212045 0.31888872116025 0.298357331428444 0.259852846704874 0.333173844987024
"421" 0.280465922759979 0.296914250469201 0.253351258406049 0.338568382020908 0.312978963723898 0.285614878388679 0.32957296792859 0.313665891804136 0.326303491854716 0.316519023687401
"422" 0.319708417330192 0.291604994330521 0.357925451841671 0.316391086263928 0.301423578426072 0.27852203792752 0.321245061029531 0.30014395376668 0.275559541178586 0.35527499356779
"423" 0.449016909077483 0.406702179793353 0.439227075265525 0.379972529066593 0.340219509584278 0.388818573990232 0.429686989120739 0.389865797988555 0.473759797969746 0.464897134935069
"424" 0.325972756669962 0.281897168455517 0.322035682127646 0.367572930155984 0.334237910004983 0.357435213001743 0.27847087650684 0.390497820679191 0.39634249214468 0.277899618816433
"425" 0.295540769095014 0.254387282613443 0.24762465767644 0.35036397380828 0.239316477066391 0.346559117286863 0.26697131607086 0.21634361415051 0.252642882338913 0.25677113402174
"426" 0.228197672943104 0.244625566194763 0.244623963399831 0.229331696001906 0.255488040329546 0.255458302183847 0.276979971261265 0.264969217304072 0.267598722958259 0.170513671270356
"427" 0.356768747648003 0.306101408532753 0.293582063211094 0.30750543722807 0.241983007388029 0.368984268680963 0.304633959304708 0.260220949253279 0.329595361731412 0.249775973569821
"428" 0.165245634771523 0.300495823894445 0.358583597258448 0.172633190474776 0.281998202369662 0.181599840007062 0.323518954683392 0.307957349195176 0.322473007524052 0.132957826874952
"429" 0.416458684529636 0.258965957178338 0.31129696047139 0.328702329749946 0.364134264920269 0.38088973932707 0.318075758873686 0.334971705112087 0.245585371671811 0.353298237365047
"430" 0.330105423869644 0.407694619850553 0.284108450123555 0.330943511870718 0.276788804096195 0.383703103502976 0.371790774695932 0.36850208206843 0.392878022444624 0.345213356526604
"431" 0.190111142451978 0.18289089529209 0.20293031149384 0.189510635438644 0.146251639504536 0.211050357810381 0.159830385351643 0.176857223935369 0.182834583449333 0.202698362343962
"432" 0.402194431045087 0.422755231889542 0.436693029667731 0.257118214811302 0.395012259828996 0.432009916769717 0.399014962474865 0.412261189084421 0.450910023214481 0.399071169531214
"433" 0.297710528293822 0.313636811228989 0.316915141510549 0.283451665752412 0.213876315644922 0.275034796016068 0.288991687022519 0.208440626723049 0.313176768776004 0.295486791330525
"434" 0.101681536546613 0.145940864487235 0.100808577636842 0.0914967296353905 0.110923674943851 0.133487340276828 0.100808175616397 0.106402807713319 0.0919849314215117 0.114177475543567
"435" 0.134314016115329 0.16103844978797 0.114998594398169 0.116446749490437 0.157122570141679 0.169604892824983 0.143217203015352 0.133324008722817 0.138576888434812 0.140721295343147
"436" 0.227768728108595 0.209816301447996 0.235092352490711 0.213329174816467 0.216991673326283 0.210685049278658 0.211052024744497 0.197231591200625 0.215651150731878 0.191418031799448
"437" 0.299635777224487 0.454270282024044 0.442855222855873 0.414752809150575 0.460351895491107 0.420462532172791 0.487304271025626 0.487392192804137 0.323608246417746 0.471226062795889
"438" 0.254037341992984 0.360087478358424 0.348193730160729 0.372929543621543 0.415654878997721 0.390985552613332 0.355405996267153 0.404652475024925 0.26819526814246 0.394033889614639
"439" 0.340193168229016 0.364213739492789 0.364721746610889 0.391717217192497 0.350833628804297 0.387599569234845 0.292642135186168 0.430323704996134 0.356019386371127 0.401724632290308
"440" 0.322170001958955 0.46063920435696 0.475874543391594 0.408593422606531 0.465212985809183 0.441111600954545 0.477021376443011 0.449248611288182 0.42084735880618 0.417744946291731
"441" 0.404551272428974 0.362675882666653 0.239574387149779 0.283422519720373 0.391169662196037 0.244205171813445 0.251384545728352 0.364044534485165 0.373116444885431 0.308037163061794
"442" 0.347412496779928 0.363377728453351 0.321462838418849 0.337887675050318 0.403832717020849 0.248297555784936 0.342803910658031 0.339015730863285 0.364468269530335 0.347844513048114
"443" 0.247035290258543 0.252050978795653 0.263316150131774 0.253405890202237 0.196224274189479 0.200257692879721 0.232717386394248 0.295499341759076 0.232134127194782 0.258356737714011
"444" 0.216786500539285 0.198552213406662 0.18404962198831 0.202058586743349 0.187452767867501 0.180762637737394 0.181159064604773 0.196382852637754 0.154682983932274 0.168021263587813
"445" 0.219901926813829 0.225902409327567 0.187095143786147 0.216297535538529 0.223543877767586 0.215561413714629 0.193204716364411 0.208155238798869 0.202208747207101 0.232016893415765
"446" 0.225323326992738 0.255449361400896 0.223881916996405 0.241563483777147 0.221307143457214 0.204465648584597 0.196300737397193 0.253564008138743 0.213685428550005 0.247554195994868
"447" 0.679316023625326 0.518978176927848 0.537791174683133 0.494583873565412 0.654301997791789 0.518594760355685 0.539784574026736 0.540915623083875 0.549958062283961 0.412723485128105
"448" 0.285409447602771 0.310948623923629 0.273320328166845 0.278017035428362 0.280756287962093 0.275353227621545 0.281848552980719 0.213928930724773 0.296812992246909 0.331346027644814
"449" 0.198374906443618 0.209949266690844 0.174845153481817 0.195069633274777 0.231150278791617 0.174057286808857 0.183310244034598 0.126139256419438 0.174990235364264 0.214148113418507
"450" 0.20338324393489 0.148002872156896 0.178889574717704 0.197622353051365 0.240411500249064 0.139187324683371 0.155536806408904 0.142421746550661 0.158478056935622 0.14619168631875
"451" 0.379791382449011 0.385067792995245 0.384773218846665 0.478480083527816 0.449371679624111 0.477660236923824 0.379607121107062 0.382834832386939 0.398866461698582 0.377460322698574
"452" 0.284035094142242 0.196299307177045 0.226872174667248 0.256462646389843 0.320587491310114 0.27031840722638 0.221577826486741 0.272565390223446 0.253790016628911 0.262148974085645
"453" 0.375727408446562 0.35476629478569 0.345940048622347 0.370335118971034 0.380721257465997 0.439309237388896 0.272283169993349 0.38334226335701 0.296185078442188 0.391783997477227
"454" 0.191797642469887 0.174853709958531 0.21068351256906 0.268090546283664 0.246745970818577 0.239748682246043 0.208208860489379 0.225657386691495 0.177951065340117 0.221168452281354
"455" 0.213529009229322 0.168230956028626 0.201000047834603 0.177877130715468 0.167682813271643 0.22122797017252 0.170251967956493 0.166322762732242 0.179806582181758 0.152363551770202
"456" 0.527978191501747 0.463766582236409 0.465035587639258 0.529215434510511 0.473082726171487 0.443470055688843 0.533589360849184 0.542450055399291 0.54280699167937 0.462028907086704
"457" 0.463965956778927 0.39838861882945 0.398933899817722 0.433937359071664 0.38952963660994 0.429315618878775 0.435413723072655 0.42939647455474 0.410049254081193 0.386419408514926
"458" 0.446009794794472 0.377139412730004 0.358439724554235 0.381639144772517 0.376458815879625 0.42018597728968 0.411707633511864 0.416478109070002 0.440604698673736 0.37527653563376
"459" 0.358299100262277 0.372477051445993 0.360609625491682 0.346286977243266 0.351268715089404 0.223436997981058 0.341193835564835 0.357769508780795 0.239110174083421 0.286978537885042
"460" 0.453351436456382 0.376322660177992 0.419165206420126 0.367293400960189 0.39532061329605 0.339800682149897 0.437577652523031 0.382640516212469 0.421127909720023 0.394867808938098
"461" 0.275362614254196 0.20210128417501 0.269592548967055 0.230032525414555 0.291308579642468 0.227169722511736 0.283758065015061 0.261129610665168 0.304318820432014 0.235808088583583
"462" 0.12543198993636 0.16772520201016 0.150891204110242 0.182792746977884 0.137214870482439 0.161507986846952 0.166586129992767 0.175874066147953 0.16055058206684 0.143406084731645
"463" 0.221712714265391 0.305903316125311 0.291585592738949 0.289088442066044 0.244118216853404 0.312304511428123 0.267465217216957 0.316590258692727 0.281802486344082 0.271455762467625
"464" 0.545805765380103 0.519763332688352 0.457540625984673 0.450803872871821 0.497481910672268 0.5193772401459 0.240282474053017 0.294330313503424 0.286330533891359 0.468683682657374
"465" 0.524135485522196 0.492673524950771 0.530269441870617 0.521908558319142 0.563686830671913 0.553259873327103 0.40136914507711 0.60636483604632 0.547970722929381 0.69367539329092
"466" 0.223136501599083 0.229900414572796 0.240188591766852 0.197668361607064 0.207083241838316 0.187170567889077 0.217247661153526 0.201053582560645 0.177709546689329 0.252627502467954
"467" 0.377779320697698 0.41404612231036 0.381931143551087 0.362577268250432 0.411700102478216 0.336439520084814 0.252927473502509 0.302312589700979 0.212546869663817 0.386470354287358
"468" 0.325681386679887 0.244827227869016 0.279257262791076 0.285422292282753 0.308700343733235 0.322319001719318 0.438063071466003 0.357517822013483 0.364871079856873 0.236672257823829
"469" 0.384427290323149 0.414540087918085 0.320100687873439 0.376943771832549 0.43715745430097 0.389555555472235 0.383389560449376 0.423781976810466 0.375727540473654 0.329784670859021
"470" 0.225790439193789 0.242262247791512 0.262165841967063 0.217512056356224 0.170159887111083 0.199752483655639 0.259256202229114 0.241307138676765 0.281483113949529 0.251572777842428
"471" 0.172027729184382 0.140258645535386 0.242345459742501 0.154517345586263 0.20507899290398 0.191959025076823 0.214054939875389 0.211953671539471 0.190610480444773 0.222507992916078
"472" 0.192754770447131 0.184970926149908 0.260431270785525 0.136926116745205 0.20423024710255 0.193041679807073 0.215434167982669 0.29700271579798 0.245679579967206 0.243779506891958
"473" 0.354562762728154 0.335789335124066 0.374065618126152 0.403699469443164 0.39439367056785 0.263522490572896 0.375725566617622 0.362588965760442 0.299752425657178 0.357826196384696
"474" 0.239600982770771 0.226870181659848 0.203110730124725 0.173114773294826 0.186982629118045 0.224137492851565 0.202907979284208 0.172033113032173 0.229353182699432 0.16989264271651
"475" 0.268482462441932 0.2299889531829 0.217253077461028 0.206918291976004 0.22860070668955 0.278507549557297 0.244842505926854 0.198802691391389 0.242698255527561 0.234419175139555
"476" 0.258706728324489 0.227987900481627 0.189260599307442 0.232506083134205 0.205138288956936 0.245267221346002 0.266878139218323 0.21822533074073 0.207331688795342 0.226722048223891
"477" 0.300849964569449 0.306955988802099 0.259732309878816 0.28817914806467 0.243213396955557 0.308945124750141 0.295296104436562 0.24943937399416 0.30103054361321 0.278802094930173
"478" 0.210239412795016 0.141439372036245 0.21601296662756 0.243244615168161 0.219924657332882 0.208682422016966 0.235563743602469 0.208708494314689 0.144926266064398 0.250805871828085
"479" 0.360289551919468 0.34104580494328 0.391064956774561 0.362451070269957 0.338597688289648 0.338392959669759 0.344251352305897 0.257545753191881 0.246188802630671 0.263493733695421
"480" 0.312047731435714 0.287861707879137 0.321776965594401 0.282853266722806 0.253242933055923 0.315890394462296 0.319866788375349 0.259522394839404 0.194943306693437 0.232042419844501
"481" 0.309886721429883 0.275180831613637 0.261033917314554 0.253190962055261 0.209748027384402 0.286898972137386 0.259745827865009 0.283107761167243 0.2306206631809 0.283782090909894
"482" 0.220520135825775 0.29721701636812 0.266600371922962 0.22531527580765 0.238899151773995 0.203907459598837 0.207287442918872 0.219669806464236 0.23738484811597 0.195727159160195
"483" 0.343086126473087 0.370156792647411 0.334894163322251 0.310350763159395 0.367188242784672 0.420769726863801 0.458120721711519 0.452043327251598 0.297880701924698 0.399236945343359
"484" 0.454777922639743 0.439706039324454 0.45562237219522 0.464884672464032 0.36067037637255 0.406673291198785 0.403981358224339 0.37049103214181 0.42003442433152 0.425942850800585
"485" 0.404130504441166 0.262298650184189 0.438882040656742 0.407832059100284 0.40091901719861 0.427440078336412 0.393456360001144 0.389773227102126 0.455654057374098 0.320963277276788
"486" 0.141588158150172 0.108035117857092 0.174243791635936 0.15375978821204 0.166784231958384 0.140120115235303 0.145861236107953 0.157502497101767 0.169676684106243 0.179796576471745
"487" 0.181624789236412 0.165012276998526 0.1574286186821 0.222732954223436 0.201004807687849 0.204540625264389 0.146679210458881 0.151812369388459 0.168417324505729 0.122686229705604
"488" 0.229743528927518 0.222809871140599 0.192353236190177 0.225409888688572 0.164192557588604 0.195226281992596 0.211748869137202 0.216524010236701 0.190497603590903 0.191788758171872
"489" 0.22369829083228 0.222879531853911 0.191856410793351 0.223540543986475 0.158408405970117 0.184302645173307 0.201230864040884 0.212744843570034 0.18441281065888 0.174403085657252
"490" 0.371380674982227 0.337741322744043 0.354020128794138 0.397468144039677 0.338793144862143 0.333844648335726 0.283960193842849 0.32685344410548 0.31027184908135 0.293080797284183
"491" 0.36863149980732 0.272749443116588 0.293940192193358 0.360834511977169 0.321726515566389 0.333779645808576 0.235733037108264 0.301862255911006 0.302655597493914 0.268819631235582
"492" 0.427867293990057 0.265793126033608 0.263874959956795 0.425528830488051 0.338356522133739 0.263856626162971 0.285577230707827 0.320362511354325 0.343694150202681 0.331597479611809
"493" 0.125021573491179 0.18997065990491 0.101293786682468 0.122927935899859 0.121990685374489 0.142147253017358 0.134216768164062 0.0932525973523729 0.142645184022932 0.106716082100538
"494" 0.349293063026794 0.21084382850377 0.251943826707496 0.281052935804799 0.277312058041643 0.255371013443642 0.279460325035631 0.24663207403949 0.251514376893387 0.291197045557661
"495" 0.267204207495726 0.222146123097931 0.206303212208855 0.255737943998881 0.238010510549772 0.261305342168392 0.269580235325412 0.315293553162795 0.252621861962618 0.222863533554434
"496" 0.443891233090576 0.411056328590991 0.434133948530647 0.549348221491052 0.502267403731867 0.526600989118302 0.444775299876746 0.487472966886521 0.419934717043696 0.528718517857091
"497" 0.2519469989666 0.235510994694931 0.286609417079017 0.330029774086752 0.319852799943635 0.327447998342031 0.341927286755457 0.306647175098938 0.35653385517681 0.282237104223494
"498" 0.303241760677394 0.272585364031144 0.329957377883041 0.308655044027307 0.286426549850583 0.25018096275205 0.416017323867134 0.331808711565922 0.340230339726823 0.285122744573086
"499" 0.181775941517309 0.185695411890462 0.208688302921399 0.256674468254822 0.213998248768073 0.195381391212472 0.25338486078632 0.255458586522786 0.254507941166191 0.220621337011701
"500" 0.336038295840623 0.390187251385886 0.409861709182753 0.410824560907457 0.388826464723803 0.36090525015963 0.373333468243117 0.408279526340975 0.42950145696866 0.337720314821777
"501" 0.375446960451915 0.341407461534484 0.365190294600383 0.356339462598039 0.371916812561833 0.338075761007229 0.370332870173134 0.297628473898302 0.348973163337843 0.358564438805872
"502" 0.383312441974597 0.372045205116737 0.320665907266484 0.333436571554194 0.276358807503983 0.372110405231512 0.329943027408577 0.283976613041275 0.311921841808542 0.345734356396994
"503" 0.381751620815737 0.321889035278733 0.318875218334502 0.31289213653824 0.319118899279144 0.242999126988676 0.257724731140763 0.276120703715829 0.291263654350325 0.292190366675338
"504" 0.286673205493576 0.290224244904052 0.194679956411207 0.213341784571637 0.249562234522389 0.262066254375957 0.238256714532164 0.231595703039706 0.210618480865701 0.23748733853787
"505" 0.237586314794891 0.326300373526372 0.235496058028355 0.209706044835331 0.244029332454154 0.214734320907345 0.196074846320791 0.272287645070689 0.255589239367119 0.207621570079329
"506" 0.558489042902318 0.498404189853688 0.503556106214788 0.53976235518249 0.517946101134867 0.454754751098003 0.508782397699191 0.538056246648047 0.569987225230011 0.54747737234345
"507" 0.412992217165814 0.268564005479968 0.339151064318272 0.301824791538388 0.341641713775615 0.299607024899506 0.300334453927748 0.31182616903573 0.317342758455663 0.195545282309103
"508" 0.487504607426439 0.369534847627099 0.449778747104852 0.393909490639934 0.425666774496058 0.347056209625432 0.453324391435729 0.378745051742681 0.404905478352794 0.247434888101036
"509" 0.419292217165814 0.272397338813302 0.34425879208134 0.305265968008977 0.347066713775615 0.301562580455062 0.300734453927748 0.315426169035731 0.320522758455663 0.19621194897577
"510" 0.490485724561036 0.381120469612423 0.428126468613966 0.384940578086035 0.412409186848292 0.31310915364263 0.423651929111766 0.343667060530486 0.400681725347997 0.288717607088473
"511" 0.181205439461533 0.193102594894152 0.183437880324042 0.193977390048682 0.198817402337289 0.17306406889971 0.197852525944768 0.172597528089731 0.197044688580885 0.170348320637012
"512" 0.306376832626628 0.344027420367453 0.298647089552096 0.308912120176233 0.264316515845904 0.285341468849339 0.261115816538015 0.361819175246906 0.237132980639975 0.293908786134125
"513" 0.404594218361205 0.420596861682766 0.368129556575413 0.531827222011183 0.371629535725634 0.442747798741956 0.38540727552524 0.411123034650393 0.366562295508262 0.450953506158885
"514" 0.38716856212866 0.406046997569377 0.413635863973239 0.357411644680887 0.43717874597153 0.447019922816154 0.437611870749836 0.424053868470121 0.378708493177736 0.430379132009034
"515" 0.271057668767603 0.223972839655025 0.381151768157986 0.255329990644621 0.398456564414073 0.23811018378813 0.265546881437629 0.212299503237324 0.218123829727445 0.286992089803334
"516" 0.112095512977039 0.144536254314682 0.252511024985578 0.169558643614045 0.199746441943763 0.142215013127667 0.17853387155909 0.14841472863263 0.163669644158378 0.166688285289629
"517" 0.249454001894233 0.219770106917832 0.299896512159514 0.21041057448796 0.275990653293095 0.225008015942097 0.247404872586438 0.269333431550284 0.256565075935865 0.227137094824793
"518" 0.259398640588872 0.22440815980477 0.278504464078178 0.25813471958281 0.279490253513663 0.266672631103758 0.233880118948116 0.300779079826546 0.274647996484069 0.24348801057571
"519" 0.172873663555599 0.173227706721505 0.251499551701184 0.178721082164976 0.219869962708453 0.174832103926478 0.144429060289538 0.218205070880808 0.188572707754214 0.186670368238739
"520" 0.347606096964103 0.224316796486922 0.20106045798569 0.203349727000485 0.222252544318135 0.325403812739177 0.201192675459455 0.234627475231866 0.198069949423848 0.257360181023536
"521" 0.236870310576816 0.269391399175614 0.292653318280734 0.229079730988104 0.30727683984289 0.342913002151311 0.289874406865496 0.270240818934696 0.178086546892799 0.249091201429007
"522" 0.110723190521066 0.128633297525688 0.185452889784063 0.184030878514369 0.223972997474767 0.197118195399086 0.182424836908511 0.218112149263231 0.185820475407714 0.178102276239452
"523" 0.138376779085343 0.150611608815422 0.224160088292058 0.151424840233513 0.179891848177897 0.199179411068087 0.170217860779137 0.153269502670663 0.144329087696484 0.180872862087404
"524" 0.11159882891512 0.137163267846615 0.183976527771504 0.147550803701172 0.165342144825687 0.157635517644445 0.155776617486799 0.165226592151376 0.13778418849748 0.163891288620515
"525" 0.279294126017372 0.289278926649464 0.261554881387671 0.412000551502949 0.4386699381983 0.308896214784095 0.346425998584124 0.295895903929737 0.311064548922862 0.274722880230258
"526" 0.331154150510362 0.319132611794695 0.310981894932551 0.26494849819306 0.358257572764614 0.212218524225948 0.372144838314387 0.190987266295693 0.243733406075696 0.257525421765381
"527" 0.277917720910703 0.151941174110424 0.277542001629553 0.341869003107015 0.410501537026335 0.290791157488827 0.305838908279911 0.268885775190671 0.240300115065585 0.241962007541821
"528" 0.236412334885195 0.213520279726134 0.247780393376049 0.263856836273496 0.247391549621867 0.226684279350122 0.201927579101937 0.280703488480423 0.211244320403007 0.168641614376726
"529" 0.272802306868603 0.25646365299535 0.24615819283154 0.339878279986541 0.305885795480279 0.240113575623639 0.271164975296729 0.2961565146697 0.296908446075735 0.23551283670745
"530" 0.504705997665525 0.517724413420658 0.56578864245735 0.431984857179412 0.447089004181415 0.561153003401042 0.474862162028436 0.549191890581496 0.521137167415433 0.492711883721787
"531" 0.331787013476159 0.321850552978467 0.322278813100624 0.322043167247376 0.261950174889513 0.238353975624195 0.22889883720295 0.308940523318058 0.246806795272259 0.31891210494436
"532" 0.132751763104877 0.157122501186995 0.117749877657857 0.155598732806164 0.118664830973451 0.117387102910316 0.143440009305824 0.132832162318227 0.13063229117897 0.133583055446012
"533" 0.241649711687163 0.24947826414623 0.216667815818152 0.26670334969011 0.252547265904607 0.282943745002805 0.165047744878552 0.194104826870717 0.195813677236992 0.194090032892563
"534" 0.502169123278914 0.627686158322968 0.513453661547813 0.552789559240301 0.512585474240714 0.401747007718272 0.55038383986709 0.554203702570751 0.50147528189941 0.454826108776919
"535" 0.204180352292021 0.232897814759478 0.232391791816948 0.197670487834539 0.216075517968368 0.165419749453133 0.213424393708728 0.14491505068503 0.188823125675107 0.323876906637194
"536" 0.208260130846548 0.229042427642143 0.240425018750508 0.240470198392905 0.244234310294042 0.172207780305419 0.223562854506306 0.182577851751406 0.220877816776769 0.283835375522688
"537" 0.247618969825002 0.272205869148918 0.266103700207874 0.257539307156615 0.253667213733905 0.219043182848126 0.190882821192274 0.213860820324631 0.256794375972558 0.302100937858048
"538" 0.230607333708497 0.261137965448094 0.268946118141888 0.240121160888199 0.242993983458262 0.192751844163947 0.251512368349278 0.190349205920555 0.26008616931326 0.323354002195168
"539" 0.368971260632113 0.394364080957713 0.40290441587313 0.374228688279424 0.35377888810189 0.383857913043568 0.403586594718782 0.46247377494809 0.349559770732614 0.362025469792974
"540" 0.208679585487605 0.247311815439149 0.190477640135465 0.180048306991962 0.205360923009845 0.142247571967634 0.232131700665796 0.194220744127882 0.195886436246648 0.20400969664022
"541" 0.170577475253909 0.156327833599307 0.120226715967224 0.150015385549133 0.128653402952526 0.15046341321528 0.158710127440766 0.128684477098766 0.13838686375124 0.123613888030798
"542" 0.189766093357313 0.219836042391347 0.197087214726621 0.268099080821093 0.242550203159879 0.184283784237806 0.205369296775681 0.287831789116079 0.163043777221755 0.197501946190509
"543" 0.18992986539874 0.176223398308705 0.209292798238785 0.17636172154384 0.203311256415115 0.196653882504263 0.19047452576127 0.225776442955906 0.180109945426092 0.146822698336842
"544" 0.637041412809301 0.584518190515267 0.547290397826489 0.575722674563676 0.534432344996615 0.468710139274483 0.600813481786606 0.471998671054792 0.605568452904199 0.61748566446711
"545" 0.249675756982933 0.208700218314699 0.281752724290473 0.250639675514801 0.227012895997835 0.29589411293272 0.291827722601954 0.191380106136893 0.293408152830062 0.25268782032115
"546" 0.124350707374839 0.134699529290132 0.133206707409504 0.129162667341001 0.143007415286468 0.115099441504492 0.133559770608553 0.0933661023722935 0.11726718360085 0.106733917452418
"547" 0.284660399180971 0.345387544030358 0.269897153062066 0.256461708553223 0.306851273415075 0.194809097020139 0.343045085554514 0.284008893127008 0.335265490691637 0.315555617818491
"548" 0.319138611430645 0.379736075222225 0.353082373027991 0.395663649902842 0.397430247156919 0.392855735838715 0.398312879758069 0.367272615751131 0.447197283445207 0.309420665992917
"549" 0.208278102862832 0.250315231679404 0.253424915698607 0.206624626901835 0.237584174186453 0.248661005257691 0.236517505514541 0.261647613738125 0.27492923562059 0.288263225172646
"550" 0.238378662513392 0.260812201376374 0.272597601815307 0.22731437845463 0.247384174186453 0.259551481448167 0.252070700157049 0.275124871263208 0.290517697159051 0.289990321081432
"551" 0.213279544073996 0.268323516945336 0.273973189005894 0.237386390592819 0.2527811216834 0.273824097720783 0.26449674078309 0.26350195889535 0.309928086769441 0.270760485822351
"552" 0.397656372701074 0.54276225841399 0.479524448577812 0.478984061012455 0.468683963372338 0.549191189737241 0.429682572087668 0.429128616964297 0.454317238546682 0.497145042095121
"553" 0.251644720333845 0.4767982199234 0.388834400567485 0.438129424001234 0.359536397617104 0.396577049831406 0.398406880982146 0.42151980569663 0.411888855245042 0.403119416660874
"554" 0.255965624184244 0.439812259078786 0.380433037300144 0.350397118450231 0.321465166591729 0.367384469922067 0.415307896103276 0.400390010239928 0.408751466413177 0.36791300974538
"555" 0.217562019335067 0.309533822194856 0.282271091251781 0.331368598593632 0.289114400455388 0.291588015893766 0.310200505968373 0.230946664331875 0.350768617069882 0.311976688598165
"556" 0.236663631363829 0.371576675343674 0.279662935269133 0.319342964966073 0.312678209427051 0.281357914924832 0.329161622478418 0.223234547373413 0.355157187621041 0.322637184174287
"557" 0.413531810630041 0.38910408249763 0.353423427816238 0.457855914784144 0.463554133418066 0.419434882895259 0.466598387225116 0.468834043248824 0.441422455322409 0.482797127293613
"558" 0.124573626656504 0.21373386926329 0.185522731776147 0.141642851198591 0.134631568107384 0.123678720270298 0.15848135782771 0.170581415975421 0.16250776832851 0.154611382283287
"559" 0.238526380407906 0.266651980661665 0.169466241523425 0.203931899495662 0.257705021687379 0.200897505680605 0.248240366022412 0.224983526848768 0.231776077380595 0.248691931074211
"560" 0.181969247573413 0.235730782865777 0.16774700457931 0.179867240188151 0.209021333420754 0.149839092073184 0.211844457513583 0.172967824025849 0.191286126791408 0.200289695142472
"561" 0.342472543460041 0.272219773674959 0.26792628849637 0.314085797005943 0.364924421878175 0.446664077248847 0.297570422847442 0.237611104038702 0.290785773681548 0.233504387872492
"562" 0.208046503950217 0.253528324729299 0.256899016454861 0.234853233244051 0.285707474100744 0.293682308444532 0.255995262511478 0.230964886261723 0.218031425354015 0.216188787810478
"563" 0.161136677900535 0.232924372891637 0.255067286791325 0.205499885940619 0.242584149786845 0.251954036708584 0.234193501507686 0.229574271173938 0.231917924621457 0.230033721323237
"564" 0.134591779619263 0.169062012478562 0.154169022610318 0.173989360244834 0.143035833310203 0.152303431067437 0.161855833083501 0.157641698650246 0.159062947462526 0.147638814624996
"565" 0.366009868717735 0.450997941539696 0.385633364841569 0.446008275843606 0.4332168235969 0.416133692644346 0.403811058050316 0.415549166199265 0.431063767680428 0.44114226540795
"566" 0.319144158144844 0.347156203345603 0.37980721945263 0.434511949962598 0.387302430626922 0.390233390639533 0.360953005225594 0.304469417602114 0.426359195013631 0.340456892919119
"567" 0.32993784222789 0.321355110995232 0.302499743122768 0.372411218915977 0.368363987206755 0.362790070522979 0.321320136037784 0.263122173742692 0.399651679704372 0.334154944002542
"568" 0.260375775708172 0.322266416649686 0.261590173701683 0.293328502977167 0.280554206954223 0.308018135716083 0.288057598849837 0.261068146002217 0.307779099347068 0.290277611783935
"569" 0.502854613913487 0.441033622472047 0.565093488099544 0.525850435522548 0.527459600491221 0.404064068530203 0.541981896324479 0.532842287152103 0.518044513923586 0.521758186450908
"570" 0.532870254454764 0.497667944889846 0.413053627668027 0.483803593630193 0.486170120799386 0.433396959776743 0.449202657920237 0.409622513480602 0.458594688149877 0.425766584884577
"571" 0.527253658281695 0.44113935852354 0.518263331639711 0.437112698045167 0.515315559834372 0.400326628377353 0.446698516515616 0.51871858234007 0.345869647007551 0.424455692350587
"572" 0.253454147978117 0.21155047611899 0.222562233441978 0.233842384025239 0.205138774717803 0.186159098304245 0.187296760529544 0.203142829830221 0.200559476685367 0.211420523208986
"573" 0.229057222522448 0.219527077406115 0.169989796128606 0.197324029399853 0.219283364237067 0.152865290666743 0.164136777551137 0.0950790577219779 0.184711265747377 0.229584461760173
"574" 0.33886003090904 0.308687511711324 0.305074392578964 0.337241059461324 0.354804812872178 0.331966146827135 0.408302382003178 0.286373275892828 0.312325947473427 0.301443011992588
"575" 0.444073233922276 0.413646915875194 0.435293240347303 0.432692402451487 0.373938773083523 0.391243880516349 0.415783181694075 0.445375627464136 0.435151829100872 0.403806966967382
"576" 0.346268723834712 0.372307938781578 0.335805302292974 0.33996881998991 0.370286958037768 0.405614088817694 0.385569727695819 0.276919639142444 0.352724551264273 0.357178882792338
"577" 0.400192625442489 0.371664709466007 0.406328953336981 0.369559604538469 0.332141734103111 0.43684050285552 0.415134354670555 0.36628851028613 0.312628065787698 0.368792544764872
"578" 0.321440149633168 0.321990154256214 0.339345067039426 0.341285883739501 0.262183843902832 0.266446015670525 0.315789819086387 0.186978953735892 0.315791777100475 0.315762483527797
"579" 0.3210645728747 0.359019916121071 0.38222530951532 0.36374913245262 0.279253403970168 0.315113109258928 0.357014099356548 0.301206614587834 0.324426820874872 0.362039903638623
"580" 0.62344818434102 0.555941634482668 0.544778396553637 0.42509318189805 0.610873536305834 0.283555139622617 0.409291314908069 0.582397734349478 0.511436758297493 0.622758361160728
"581" 0.31143374100966 0.303139709664275 0.322190111354518 0.384373873129855 0.351475252153788 0.300783763444987 0.354434054119118 0.312011390160654 0.316152237406398 0.326652028441125
"582" 0.386564906983359 0.420255073752084 0.340497758852205 0.487179022213123 0.422579163577326 0.400874496577863 0.416252677009792 0.430288980740151 0.401163658764283 0.424310900697699
"583" 0.317852470244108 0.328583536094741 0.301727913405477 0.397061972973739 0.341811513593095 0.251802428415139 0.368913919288068 0.323031738377761 0.327478121986867 0.386851278513625
"584" 0.323240597377136 0.343381257257141 0.287793838922567 0.3882041727693 0.355727314047133 0.337281987690827 0.345546461160899 0.329804084924175 0.353806768271519 0.345611835608309
"585" 0.369532923594437 0.360764035683539 0.353353090204584 0.503336150086983 0.403766213238944 0.498009496496115 0.459025190801902 0.275932538551389 0.400228839975679 0.372063857394909
"586" 0.291800959826201 0.310821163554209 0.316244503526829 0.421538138534012 0.230434856009801 0.370122997262194 0.342057743243242 0.242824316117766 0.283187971749925 0.390905047241882
"587" 0.579838577321902 0.499415857064528 0.58840000550498 0.493392371297921 0.571207822637918 0.515109749267999 0.416809229196075 0.542310440776453 0.529860620914606 0.454329589405577
"588" 0.264871461418046 0.21411106491009 0.246795484893534 0.231768564610001 0.251045913939682 0.171770264726736 0.196343757422269 0.242116207974635 0.2097829202626 0.204618400015329
"589" 0.208747035526064 0.119686885681506 0.182499911427249 0.170122383877874 0.173891311722771 0.123906172742549 0.131291172570473 0.149842786445913 0.157953700085837 0.122853303015172
"590" 0.325501234215412 0.275389754597239 0.313418028593772 0.28713803530222 0.388452884820152 0.290673217643718 0.30732285438133 0.339596650305052 0.355222158138585 0.253531694725506
"591" 0.153993212191583 0.105815527782462 0.132613103525795 0.1094230225281 0.140796399893436 0.150037695579335 0.120842836378305 0.144748189014881 0.165706128665258 0.123113224878361
"592" 0.473227321242215 0.54191332310862 0.506199949306305 0.580853772699658 0.582492985539256 0.518156362936559 0.496148149818027 0.537866566304923 0.471581575096736 0.489598689480449
"593" 0.270723737091923 0.284127004323791 0.229900994865153 0.307455149216977 0.263878656479997 0.252299402850561 0.225019665222308 0.257058315558763 0.2004761554684 0.225645818841356
"594" 0.354661111004105 0.382909634257177 0.340494008333542 0.402333720393168 0.344063047409167 0.399330990097177 0.35111714634785 0.372370243925082 0.41391150450138 0.410117787782138
"595" 0.235566211160909 0.198235568162846 0.204591961101189 0.25297389907405 0.163305634422766 0.24450726299713 0.262066043279071 0.235447183734999 0.246469682561397 0.28093699258196
"596" 0.204423812063604 0.236559902868111 0.222280187534814 0.240785877618995 0.226284874912808 0.218400056339959 0.263507978481981 0.260746197162005 0.201557702683711 0.246017367904523
"597" 0.234177875252331 0.292660888606955 0.293763720676474 0.372264314615256 0.363966210925325 0.330829084068915 0.290862579576757 0.306906762299433 0.294954077957128 0.328638417444396
"598" 0.399633559299797 0.438536190184056 0.336885592244761 0.418539578750106 0.324517787095521 0.321377422482917 0.362306848261822 0.456919845950059 0.420254808079475 0.40640123191841
"599" 0.326903529307849 0.32952509472444 0.340057943954151 0.289008620143215 0.36328064443856 0.300615873856085 0.337152733548233 0.342801298908025 0.305290601035284 0.261099096248461
"600" 0.257838268292372 0.240623182852646 0.264762517792519 0.235388855123092 0.280009190866474 0.248839027170124 0.279794124967979 0.225941685897397 0.265639790574632 0.267590295513728
"601" 0.438852921928134 0.336641450428428 0.39568521550922 0.437980932364875 0.422433241986658 0.385385298319975 0.389715265585831 0.388207177193173 0.431666339821599 0.389997213767666
"602" 0.418599829719923 0.393443818525882 0.394100843794007 0.436628134282815 0.413285875402848 0.394612394201566 0.428485465816545 0.374697439082178 0.417569831970459 0.383622245501552
"603" 0.457991062857924 0.40928505479489 0.413506350082823 0.472463460631664 0.468011023811253 0.441910788394966 0.428723689874007 0.381742426646562 0.434362864102893 0.402935184035758
"604" 0.30149355374872 0.29442255841883 0.306105164799966 0.335942817550369 0.329390456276477 0.254436258335944 0.174056413074166 0.292805101056247 0.346771702253327 0.319978571970142
"605" 0.411292715511251 0.411000213388144 0.326275154301701 0.446009508081576 0.357299815499126 0.401427213642786 0.389980240753661 0.376004660079458 0.325799285757374 0.571573202285094
"606" 0.561298498011225 0.528759456380809 0.397797060009895 0.509306465035507 0.583571088606639 0.507620668524913 0.595595968914866 0.445627146192329 0.52004436527494 0.627249424175157
"607" 0.246341796806266 0.248157426488879 0.23936436158546 0.303180128510577 0.202168621835527 0.242911426872528 0.287629869862613 0.242295568106667 0.231380377612608 0.316098993155814
"608" 0.188651313955981 0.214948626166563 0.22905079742556 0.222620671670439 0.16519052684422 0.171222839312375 0.199433720402322 0.135502067296754 0.21361600949598 0.231732803207391
"609" 0.146050354082064 0.263611229652222 0.344645890328042 0.30131001766299 0.265684932747235 0.259623772868539 0.333240604857875 0.159284996339019 0.267493511127702 0.200227127372986
"610" 0.476544264690865 0.595574298178388 0.45371500540506 0.555466862494013 0.416543832727643 0.360537241516795 0.44859976905448 0.380995003201614 0.465482626801854 0.369195502505267
"611" 0.449981989252291 0.424695558297971 0.415656089783001 0.408773571651681 0.37412344319176 0.382706314831789 0.362507954880427 0.372885893299811 0.37943749273445 0.342347633114504
"612" 0.185107615812946 0.244664442332004 0.176048649938166 0.177942926074245 0.169509497153036 0.184389002044826 0.187028094769552 0.211404894429306 0.141489814066956 0.176476369139147
"613" 0.434658176251629 0.542638551776956 0.500851052552377 0.632258866776583 0.40440804727145 0.563862414286528 0.557747934252929 0.484596747828371 0.609355748556396 0.43795617112558
"614" 0.327890514702171 0.277742365869742 0.318699561395044 0.242069025633068 0.293520420061447 0.30040880776034 0.38995366578888 0.287363508199628 0.25616662289409 0.302342844624534
"615" 0.24272122161892 0.263010649103749 0.300914974992292 0.303942429691475 0.319136234058678 0.254212841786521 0.248022037033264 0.277790452212828 0.263117592088233 0.290503205452721
"616" 0.325078861298821 0.304182364128354 0.350283699307672 0.300781570074127 0.299901245609956 0.295397516086301 0.294334488785112 0.277114701253305 0.273032328354254 0.318030580406812
"617" 0.340643791988158 0.279195480125974 0.353289203582425 0.323043605856843 0.305209484556948 0.297448219284194 0.321591806142817 0.290789304129845 0.295989511288068 0.315163158304804
"618" 0.345862640394315 0.336674732452595 0.400681229100767 0.344475856939094 0.358100812525048 0.303167266903241 0.330393593624934 0.313649920800756 0.322528422568359 0.315435294726941
"619" 0.35632536533806 0.400766079062453 0.424015939037119 0.37987229278435 0.394412112978188 0.442876596388129 0.387101786198345 0.358376044238313 0.355255970496243 0.346654760412259
"620" 0.308348870962795 0.408718953372416 0.329192407236089 0.367830312003709 0.351531786798692 0.38734866875869 0.326150665527693 0.428419032401607 0.378124972538198 0.278202227930264
"621" 0.30550884911934 0.405347617200284 0.315736851680533 0.353307915765101 0.340965880229686 0.368507334374484 0.320709257496519 0.405088279759874 0.369965029831455 0.266932489400605
"622" 0.263279778886969 0.248939817673066 0.222369167736321 0.245690197336608 0.2784733313165 0.253976213550004 0.26974802011097 0.277528378586549 0.268762923555794 0.24247857009809
"623" 0.305722800224392 0.296027021870928 0.309403682298582 0.306457579973908 0.28177565765934 0.326506484006382 0.317377542921345 0.321545470861486 0.302292378346217 0.333664819500707
"624" 0.288653323451631 0.25155232068208 0.271172685333564 0.240015767018122 0.264127643346098 0.278404698069181 0.296714025043885 0.312982722941535 0.286849035023046 0.348664147399435
"625" 0.36975062172193 0.414334591254267 0.39145426327824 0.382061549500306 0.337036600933495 0.40734763906819 0.388235855556403 0.382907889043521 0.347894091242632 0.38598223699875
"626" 0.237969030167834 0.269394342870844 0.248065094503962 0.240138170955676 0.262599470956604 0.260938531517418 0.239778723080566 0.275288750901342 0.204221138813605 0.250271129292865
"627" 0.660845812609018 0.45622642496674 0.585442168238954 0.547096209959412 0.506234131893023 0.506008246299026 0.458760781800042 0.47608274891616 0.484605354868719 0.361188750316177
"628" 0.284266627180137 0.289028165814629 0.263514038373648 0.305513774546181 0.203364108751891 0.291738466383337 0.299198888587929 0.211751848852926 0.273367370087798 0.28845140900089
"629" 0.236461096432192 0.26282678342148 0.299835791594476 0.301029625965513 0.251272986401394 0.299018254546598 0.285038023137744 0.232983833606634 0.212079316796775 0.247071437316124
"630" 0.575558118491291 0.384161540581142 0.65014831650085 0.5207316300335 0.515614544047893 0.493412003405244 0.548097492081269 0.520431122063411 0.534870472859695 0.465824522160901
"631" 0.273914864612968 0.274747731260569 0.318576536001632 0.221068418784911 0.212394965627077 0.293252437231333 0.243498886997231 0.286582359814426 0.220952645275848 0.295361144984789
"632" 0.368645847441836 0.262708575392699 0.351200651262993 0.287682319284602 0.285264795865334 0.283701650039323 0.316642043359357 0.314496251720706 0.291476810825399 0.299464727473321
"633" 0.545307811638478 0.590068103737601 0.579888004863395 0.532047786479774 0.507361713562318 0.543973484873278 0.571142617331721 0.566053702055974 0.614537069671737 0.588454047906922
"634" 0.378241446133474 0.373121118733838 0.416082975286845 0.395582412941031 0.392886589462704 0.395586533774369 0.42406740119685 0.341603624665992 0.47119331621203 0.424157472622792
"635" 0.448290998887167 0.4745130809833 0.510092238972198 0.465181246572756 0.422967988882844 0.476109669965244 0.543311977069986 0.398789698965565 0.551823240825402 0.497281211591542
"636" 0.428255253339921 0.425906777930505 0.508729517861542 0.411494433707543 0.39169140476872 0.475726152655553 0.558714978142505 0.432128496045615 0.458638021749012 0.540386304937557
"637" 0.366345201443817 0.352212935885704 0.389269852893893 0.316703923664932 0.404094384966729 0.35141999724784 0.332859961753885 0.327322499469612 0.332909327319722 0.39895874905557
"638" 0.310597733168469 0.297988076004268 0.363279094293208 0.277842146595963 0.390679083656341 0.224232172532456 0.292657817191532 0.345783575499086 0.351530006516785 0.242974811868117
"639" 0.340567436839589 0.295714825699811 0.329620196057167 0.285198969085957 0.43978527581379 0.226148066574517 0.296448246839871 0.332450262577479 0.39543469769129 0.341460189825538
"640" 0.249361427403832 0.277417293096453 0.247407574434346 0.257631341369039 0.249993301610132 0.281752139000006 0.289023017589422 0.278087895337983 0.277967295581929 0.275554488491144
"641" 0.62999898670764 0.671004083825592 0.610867338730599 0.673526248728015 0.666279916322932 0.572049852762619 0.654169691564935 0.602687934191471 0.602672795973385 0.663915842010611
"642" 0.274297002366236 0.314843938046725 0.256610882459271 0.225558992620298 0.302046135479841 0.278881134968428 0.251764087105798 0.265252464398825 0.305911784982782 0.318653781293967
"643" 0.448952620058212 0.495147283302429 0.503069206423932 0.394947123055119 0.467305754353907 0.397339870409974 0.412103641156881 0.409654969053774 0.456744555380877 0.464210364015015
"644" 0.294345081970248 0.316780522329987 0.299772968504188 0.297589575062614 0.337088335855697 0.324960818154365 0.288162260471285 0.312401286505654 0.305321490832278 0.3128579990589
"645" 0.267822555738458 0.284724518457182 0.309259961679566 0.313258690923155 0.269121703291844 0.276090359810043 0.314785465475354 0.3114767412533 0.25682941473186 0.282985791639087
"646" 0.316352481796462 0.334488298272722 0.323557778504748 0.322702397996173 0.306655442363355 0.264677004949576 0.320844532899242 0.272236757216108 0.281015631993421 0.347350659585061
"647" 0.218127050559869 0.195382653078787 0.179738009215745 0.138463158602029 0.210514319037575 0.155192834258062 0.171760997838139 0.25751164139138 0.210763981596135 0.18198041834754
"648" 0.306148917729732 0.273389413254566 0.255795553756536 0.235486944506392 0.279320833937775 0.218340104380973 0.226471289412311 0.282281625664414 0.258325337073823 0.248066604634443
"649" 0.302663820557706 0.280558828843117 0.278944844856735 0.241764732159506 0.280424972256327 0.218287296620382 0.233180394480794 0.307364216859309 0.269702585545608 0.231548294220016
"650" 0.455280376079052 0.4104338016141 0.439069485181107 0.450057653907651 0.478627764753338 0.430276931001844 0.428636771451241 0.451075157838312 0.399451986692357 0.393691233300348
"651" 0.37878242224412 0.346710958729433 0.304658483344746 0.389891891851565 0.443522319248841 0.355333995578857 0.292846814026242 0.33138629194508 0.263679560711222 0.395426447743145
"652" 0.332673917337214 0.28384700952764 0.366865994780179 0.393447667589426 0.306809989610447 0.388367373850606 0.277016845053566 0.367155814027979 0.25720811141216 0.429070168885945
"653" 0.388105992926277 0.431402400728592 0.469814578057737 0.364033040545024 0.445747074430872 0.49575468275183 0.411068694285198 0.412669241208952 0.525751436913351 0.397225526489729
"654" 0.236016902004912 0.258445149437214 0.27266277191165 0.249026824554317 0.245719626571898 0.19516623904157 0.230511511105121 0.258517722195015 0.287088392695806 0.293747510572446
"655" 0.151657283214014 0.16413591569998 0.0870810591261387 0.163500683604402 0.121037229023635 0.171418832446763 0.127449061396354 0.116618505055521 0.158689268550503 0.137871059934464
"656" 0.158017525477656 0.231355661852804 0.156462081914406 0.230387310720743 0.178877614387094 0.237646992821743 0.240086977545486 0.200027734352299 0.165843688473343 0.182678118185343
"657" 0.158202844448994 0.172020954756864 0.197686893815025 0.182127305696723 0.171436352851606 0.174211978717698 0.182120679718418 0.171393303794865 0.216559122042414 0.224295707015668
"658" 0.277420841281289 0.317617515432424 0.328300404888083 0.309223391735412 0.315855363579528 0.368682745959079 0.2487118206787 0.305540549437012 0.311811850861329 0.314432069195685
"659" 0.399006176634242 0.4246541337836 0.403856355727731 0.32610994984514 0.302493503919958 0.358463171336107 0.392091340959513 0.290230269684597 0.44759520655483 0.434581435727938
"660" 0.183753453614395 0.237828515921621 0.187502602077929 0.209434473355188 0.191022826942547 0.247035002089391 0.209533482919523 0.197478247044529 0.147041186487426 0.217482495609018
"661" 0.220144587786825 0.272168525510334 0.191150576912431 0.2850003894194 0.209680651816345 0.275628572221216 0.241317360853772 0.217472582818231 0.154926796706423 0.198401302218348
"662" 0.420447047299527 0.405177349507491 0.406031912592889 0.396307751723276 0.314932167134954 0.422593327609448 0.369567092150046 0.394774491220171 0.219547349259648 0.385395110258392
"663" 0.415685320458429 0.501292103379808 0.385959034117776 0.394577823970924 0.359849211613337 0.377724183752759 0.378203721972984 0.355794730151467 0.354930790035005 0.383652487700986
"664" 0.49724435371486 0.543280998443801 0.493677694959175 0.456691273752567 0.508770937557856 0.510247297046364 0.514235279138955 0.545568437344141 0.465123026421984 0.322934911864907
"665" 0.272789118683617 0.283866890564443 0.259367192382422 0.304366812851733 0.264076493928529 0.254533130491918 0.244564814869714 0.270968774655264 0.297266932816651 0.224492289117082
"666" 0.23711446608827 0.209212212673984 0.271802156265328 0.254412037660343 0.299993465814452 0.21964134327619 0.233796431093867 0.278819180298699 0.267986075421374 0.297502678309252
"667" 0.198670281636316 0.153581935245953 0.175151489156941 0.137799032036692 0.197487726166149 0.138586731869345 0.164438939092446 0.158687583182374 0.1702564016128 0.207211389693651
"668" 0.481625442073112 0.62218293927068 0.541513913299731 0.481423381108396 0.622993438427085 0.560567773762937 0.411106515685495 0.561827356320336 0.596083518711229 0.662710734787151
"669" 0.212940634391229 0.136627659967812 0.233345790732522 0.170216353175202 0.171630827010988 0.123896583639618 0.183517767965509 0.173500911960621 0.136461833940265 0.185073671002297
"670" 0.100883595307209 0.176169496049379 0.136296743833645 0.137344349560437 0.141264905169478 0.126152875992557 0.122059548214767 0.136385735468569 0.126016047638256 0.181838143124443
"671" 0.173081877702212 0.187362632819195 0.169569211471917 0.151855531069379 0.175288773911932 0.137394855146399 0.158325390312772 0.203322211030807 0.193259148505351 0.187020595764236
"672" 0.227714767226137 0.185447775574039 0.247803525626823 0.229030276849812 0.241071416625211 0.205827759179316 0.169666553985843 0.194670199837484 0.233592819499808 0.207829773266427
"673" 0.216091557361358 0.210975096037928 0.243429294459391 0.205088297249669 0.181982405636184 0.17445399290303 0.201604048374892 0.198478615603097 0.221203489346905 0.193846853382695
"674" 0.213731850715226 0.251534065047899 0.234037431863019 0.307621042525853 0.276935178212112 0.280515868886662 0.282543882792957 0.237836327745896 0.319020726850356 0.284125424353717
"675" 0.359582292982682 0.207105137870817 0.36160101477346 0.314049966100625 0.378000275826814 0.196337686759186 0.348780963893108 0.319278346482342 0.209636702268083 0.312659342475468
"676" 0.111799625284491 0.152709535223224 0.18675450575622 0.114876234880678 0.181134447357162 0.170182553551832 0.231350697876686 0.157876709052997 0.216550525831687 0.176413731027007
"677" 0.11645141303864 0.203333043265905 0.180249302458251 0.108944186284729 0.217648628187167 0.1790049727512 0.209582200922402 0.188888383742964 0.200337997794505 0.219140686704143
"678" 0.134560043013684 0.203977136186742 0.210803123302865 0.141709962428281 0.225146623266661 0.189104917534018 0.224856961763073 0.201187871732106 0.276963483248425 0.221595275706247
"679" 0.177793857114439 0.308823441705131 0.282982832896809 0.160779929178275 0.391527050095945 0.276502645376163 0.345297709656183 0.280483123172088 0.270162579657921 0.356747512151891
"680" 0.198938967328975 0.233104119123654 0.218987007412884 0.256936237470267 0.213830869368188 0.210704333312893 0.183048494147157 0.19330904119185 0.207523003874407 0.212542714770713
"681" 0.445909966887824 0.580407864953806 0.478601288837284 0.498684341564355 0.473748786497023 0.459979064892629 0.447256366867643 0.482441839910259 0.529482921024982 0.525391010832491
"682" 0.159813452346502 0.146551475543897 0.172111019692061 0.171291606502225 0.156459157048237 0.201929469738203 0.167799866216508 0.166466626905032 0.156394289245213 0.17486198527582
"683" 0.192835606137953 0.234089107481814 0.255307832711825 0.191025918223243 0.181692277603855 0.292987024198354 0.204581195472328 0.233306386196109 0.20291738937908 0.259053568448813
"684" 0.171692079202905 0.267115627113024 0.281132444752475 0.238534971241147 0.296833724578831 0.28627145671214 0.272458616492712 0.310770963566873 0.243696516874679 0.288917584987691
"685" 0.201685714905655 0.269210467586983 0.25759684452795 0.247923063187033 0.233427555302428 0.276443925071297 0.269929912315122 0.278038463256127 0.249009761766292 0.273335563964931
"686" 0.365190515813422 0.333536089821049 0.374233158205746 0.375912472929778 0.384599639440453 0.273512369307634 0.364350302570566 0.37121429630024 0.393076679622199 0.316731526030623
"687" 0.279166973337218 0.342154543056773 0.293191271853741 0.372191994508295 0.33892175394904 0.306734086707067 0.269929351129896 0.291138043980214 0.216050433479799 0.261349754347156
"688" 0.323290976816265 0.405980897941456 0.351889729745422 0.358296382035377 0.390815024198773 0.317970655072419 0.302109045144152 0.328715415913369 0.336561720495419 0.258580879323265
"689" 0.367064146756657 0.386553717533849 0.382055180310818 0.355754563274798 0.338715494915197 0.333061156517315 0.333909280879705 0.295974876514729 0.381027572899064 0.323114737398511
"690" 0.305952654666157 0.256002541817702 0.229267129200387 0.23080996902927 0.276730501237996 0.257053536464645 0.254459577383413 0.326160602665332 0.314037300889353 0.2887614572172
"691" 0.2304940109234 0.254591837330125 0.252591596786374 0.229878931557939 0.263499618885946 0.24168107226015 0.240023736235747 0.211357850722089 0.189492372999072 0.240886520440627
"692" 0.169506768170936 0.160204532779376 0.180540318891581 0.18880154948567 0.178786283672951 0.170895594557221 0.185110951223156 0.146458390327579 0.176941877150883 0.218849212974613
"693" 0.347591864110693 0.28466272517502 0.308288629626711 0.369195126164638 0.341783064263437 0.309297059157678 0.334840271335309 0.28603494957501 0.320254713420504 0.37905819045208
"694" 0.43369003568915 0.403563918190163 0.443177757877412 0.413901530069022 0.510250782598192 0.408970876452691 0.399295831776752 0.42930673854848 0.405120047273792 0.443118005238548
"695" 0.352004661726695 0.313878683365079 0.279761143360945 0.280028605158722 0.280159060844179 0.273025846754818 0.345500788970938 0.257490460286578 0.335062146759399 0.227346453103066
"696" 0.227960743399622 0.236880549434333 0.228519440547502 0.212986685954761 0.200633670727767 0.188221089109832 0.234994976794557 0.198676920000415 0.240586423784449 0.170213353883479
"697" 0.333196227159929 0.370640226087038 0.273683695429618 0.322102654799024 0.32948300133567 0.322846215987353 0.44340290914901 0.479101008659201 0.38053327514296 0.467921176257893
"698" 0.343259644808654 0.39193328462563 0.395109180251942 0.435383799067211 0.436721066429385 0.428079048889693 0.452592184870022 0.392783833798184 0.44210950777739 0.468711462519187
"699" 0.29544740879349 0.272222298860208 0.315367785632903 0.268829737152489 0.332945324031993 0.297905016362098 0.348567099448093 0.324732612189663 0.282351156272918 0.28554037220294
"700" 0.164462726853595 0.193558253397406 0.304095285990678 0.195505537493842 0.206699963651123 0.280539820921853 0.23026698508268 0.225161906703519 0.276195336776064 0.233106318684811
"701" 0.474184356512802 0.380071095610734 0.402935863460949 0.389474620003705 0.434757095114045 0.397345715929537 0.425445840791287 0.348576846105324 0.445128366080432 0.458522068695294
"702" 0.143464104205133 0.17688458237842 0.217292551310956 0.158076568140328 0.15526296465358 0.23444296876903 0.183942448177361 0.228246524174396 0.192178460039754 0.1861776772444
"703" 0.420247538827809 0.376908418633727 0.472658967534876 0.507021260374285 0.452767094649558 0.459226153995357 0.414093656172514 0.396220718696885 0.459372446005314 0.315911976499727
"704" 0.421262893723979 0.423064886459247 0.374241867077171 0.39586138650287 0.398091929076994 0.383425744249345 0.411236527392028 0.368897998945878 0.371066681986056 0.390988424571696
"705" 0.386855385161557 0.307960839927505 0.282960150508315 0.295872029569078 0.349978986310198 0.304222294777525 0.346375823482379 0.27786300177639 0.27524405741422 0.325998499463888
"706" 0.312719596013796 0.191952296154853 0.178283778073131 0.233857230391177 0.225233409462945 0.231513776532913 0.305298370319815 0.190632210605362 0.217080396310281 0.261107528087545
"707" 0.431078070046973 0.30738887476674 0.308305926165458 0.305701082605367 0.302037993609558 0.316938134996263 0.368684571673927 0.313413541458319 0.321178177168247 0.350972634163363
"708" 0.384901668165465 0.420359073478652 0.416466901553669 0.374196252942729 0.431810127882862 0.457376313364611 0.396262558490314 0.428180589067325 0.353786452164993 0.455584082379638
"709" 0.274062630076058 0.264162462423849 0.32549769864465 0.3229529358418 0.327007920509448 0.307060786674729 0.351166314108804 0.289093190047021 0.315768721230963 0.203971665015967
"710" 0.348403118820338 0.329093515468437 0.367628218533632 0.310787956563159 0.302550898161905 0.385963779099606 0.299737749536682 0.403071579657169 0.35140222182023 0.307437745510104
"711" 0.240221157281181 0.216414484184817 0.277385457916582 0.179993361014958 0.234145039066003 0.25896463489014 0.209751069243244 0.218410971493082 0.235715700109363 0.239298535620955
"712" 0.397341043547401 0.297470609787428 0.33275335186411 0.37543064696648 0.334155086116329 0.361485036858246 0.337205399409782 0.314810164897225 0.340477585631586 0.39872478763754
"713" 0.161789644921315 0.157698629490615 0.212667922431064 0.188384739884524 0.147608789314128 0.15351360474545 0.166166878588346 0.175889312029378 0.162209532348136 0.201189894030189
"714" 0.266034837936255 0.215289405927349 0.268908320212471 0.23546354341728 0.228298321269429 0.227742719455291 0.221758586579687 0.200197317100615 0.222725953006408 0.240935121976146
"715" 0.557939858509259 0.507672772115231 0.507657402525397 0.60497868900376 0.457355660421171 0.513442866412417 0.487669711910109 0.525183604403877 0.551127243914943 0.559121920761095
"716" 0.208035027541575 0.256305472058484 0.257192314191217 0.196383670400104 0.309963919548183 0.27687097575911 0.153042396271834 0.295101208240902 0.146578383989508 0.221900264450962
"717" 0.261394784394606 0.300629681026797 0.25876413654337 0.272096132807201 0.31413886141845 0.250809707618295 0.304408892887541 0.288170622345508 0.309007854897645 0.242882385763426
"718" 0.317662692313992 0.292286017569263 0.337479402165005 0.27819121110549 0.32951914684875 0.278040872158038 0.307041755824064 0.363514591914007 0.321682489838848 0.298248091059905
"719" 0.390626189809497 0.486916472532112 0.458013944431509 0.496367993351255 0.397189771032433 0.423536225463971 0.489395463001521 0.498997521876492 0.43289702542643 0.453098084447491
"720" 0.382364038448299 0.366517228738819 0.314040537084716 0.35400726346767 0.443504553648242 0.370171145952376 0.390265013126125 0.384422537473623 0.377986722552062 0.389876936990809
"721" 0.399450100828877 0.5470208954414 0.420370438308536 0.434899172962645 0.401177193326439 0.425529238387267 0.431522129968182 0.356173086772456 0.431554797158425 0.394506541755136
"722" 0.610008814895541 0.642115548861091 0.627168606854422 0.590463429840563 0.548065350960998 0.615755600893913 0.47145192156739 0.632124921078644 0.585832467094349 0.631288463152698
"723" 0.443412998846145 0.475721468300658 0.506152042673277 0.533848959838928 0.463318312480091 0.493734838100014 0.419991422684623 0.489759521855576 0.448509347908314 0.513961193496497
"724" 0.364694855800866 0.399166825516127 0.385303902337845 0.423752749260861 0.405183640773305 0.39951605669745 0.407659252273786 0.394247444317396 0.4500891469256 0.447881205924305
"725" 0.378959657925675 0.408297640800649 0.441646901868263 0.436271975218785 0.399805042796355 0.405225592985307 0.43447929532051 0.417651148995071 0.479820010739413 0.458591725669647
"726" 0.324916757132713 0.313556268543185 0.287728323614197 0.340498506370232 0.288859542228308 0.279049187839738 0.320823511780562 0.267064659568151 0.313258251413453 0.285844678488035
"727" 0.431390948131818 0.293801307417028 0.24836818605049 0.271262454762408 0.270002296329452 0.265685878809244 0.248599285218102 0.294439121946562 0.288013302264953 0.304414454882766
"728" 0.323380851656154 0.312719817997801 0.335911702393555 0.163508815321275 0.133781478679466 0.356746749767145 0.314122987843902 0.315029529896925 0.388148980556211 0.315240903339936
"729" 0.192831472547911 0.19576449661863 0.221141137804046 0.161946834764626 0.125888679666339 0.163948769835077 0.174070401043173 0.173995111110693 0.193073460388422 0.176316292848127
"730" 0.25916835726852 0.281959615843923 0.330257427418425 0.355132851264764 0.271082827253542 0.328858614328695 0.3060812902532 0.258340307960539 0.30413684862621 0.292055392045675
"731" 0.50725041528047 0.415709750271984 0.431577200322333 0.454760369878128 0.476518676459736 0.529155238729513 0.452702303877655 0.513546855149246 0.442269194548053 0.475303253002688
"732" 0.476247909442508 0.445652248436174 0.513113843826887 0.408703200915547 0.402309136706548 0.430041634716448 0.531986348275256 0.394560770042769 0.455883622958746 0.544682314056557
"733" 0.397074536439356 0.274567016798218 0.316334197532335 0.278940070416017 0.375182150832048 0.26612371744929 0.412623594895837 0.316694911908864 0.326489970931348 0.406534714342444
"734" 0.229916313782542 0.20051235211089 0.24065119370152 0.220700121868709 0.231166170486595 0.178918664380433 0.194172159661358 0.239628877255875 0.221798960840055 0.237130999117062
"735" 0.328427795488902 0.236351471293254 0.24419054903272 0.377109337413223 0.206997770974563 0.324229989975223 0.312095105310576 0.19659392235871 0.289458938954568 0.330006124285715
"736" 0.223131476973611 0.229870158469568 0.226681663237515 0.259071495208152 0.199404386921008 0.205928354973477 0.135813317156456 0.223514212661812 0.164751473906212 0.255801444401759
"737" 0.318579670401191 0.278821081289748 0.322522081373423 0.328326295913566 0.306388585637827 0.334472262337082 0.287178251410944 0.312163422702832 0.292881486825857 0.208930565383466
"738" 0.234721448536604 0.226564722227001 0.211403389500191 0.232060589981457 0.21848989137342 0.187853510678482 0.228171840736905 0.249319407315532 0.254366521180466 0.230464563549908
"739" 0.26073149750225 0.286929672112238 0.243022676557045 0.261953806815604 0.249855766587983 0.183980599528194 0.271118095335039 0.30531360566031 0.27400640800817 0.26221904349131
"740" 0.350601368975518 0.476862064088613 0.357127121682921 0.349922237732581 0.341763921073534 0.345745018757707 0.466804510973893 0.508211328033931 0.332026092692427 0.388434641477434
"741" 0.311753470316774 0.318966353547269 0.278613936799759 0.308073079096289 0.265413892089781 0.26421689323211 0.359673595365978 0.311916343076843 0.310635613358026 0.329541360437932
"742" 0.177595073953263 0.147940442068766 0.140379543751101 0.155192998245325 0.136958335919916 0.11054484546696 0.17962315572092 0.142940148792529 0.167016535772446 0.184699777842893
"743" 0.280844681047226 0.266724074126772 0.218219298546431 0.252756530237845 0.2678479088855 0.303513120611955 0.301778393095562 0.260068302280277 0.322272912923814 0.263572573408738
"744" 0.355526033500232 0.312474705269371 0.353587329986525 0.297616145164214 0.313938125125976 0.349775124057536 0.284380445131885 0.33922448841413 0.397758110551636 0.285005703449643
"745" 0.620137160364858 0.584890756992036 0.538637056205499 0.488431146302808 0.475152957185193 0.568409044124282 0.511117303017197 0.494287781690484 0.543192851808965 0.490845198905452
"746" 0.316616999476997 0.37912359866773 0.42137061384686 0.35287145813374 0.322990599574124 0.285649594250018 0.372119252067235 0.353911109139023 0.358112454630511 0.400256801670805
"747" 0.222531908934305 0.281364177702997 0.313235390815993 0.250678762956824 0.278867294193481 0.305527587730684 0.246269754599401 0.277778275647692 0.289115670626624 0.274045053906097
"748" 0.375287370818286 0.340447702430489 0.321165960933035 0.293858249515933 0.262180141805791 0.346895161022209 0.326028771797277 0.306296443681592 0.367501106728521 0.312819301728751
"749" 0.342083691272781 0.370842896915347 0.348469060194057 0.290686557867852 0.278174401661683 0.383580777620918 0.365226419756907 0.344918684673091 0.373723366848156 0.322582371909067
"750" 0.518110147931047 0.605363728311175 0.507986993235752 0.503441255868192 0.512024075211846 0.522360602892981 0.503381798781355 0.512934568985249 0.530674256031813 0.515950078620392
"751" 0.405241258758552 0.437368751675534 0.349109115480597 0.370931837655771 0.374241748452918 0.384861553249589 0.423217392234945 0.429037260037857 0.409353480981673 0.360434602864755
"752" 0.339244220010604 0.364151565629281 0.266404084491259 0.293196985901769 0.331622311100903 0.379988620331795 0.296113009331731 0.313780053265571 0.293084862176061 0.309174910914476
"753" 0.335005682811605 0.325593661513999 0.263827250926436 0.303121271601902 0.310211894375363 0.347800017552445 0.304971641037564 0.317902370989193 0.299437007229005 0.308273966816879
"754" 0.401742268859562 0.431049704056487 0.35219244881393 0.375976282100216 0.368241748452918 0.382728219916256 0.418942508948297 0.450815188554801 0.39482014764834 0.360834602864755
"755" 0.40616110289718 0.368767476215864 0.408871621608069 0.330862786485373 0.324356197068475 0.323438420580983 0.348768746105571 0.268454711639627 0.41496559686519 0.398728756141748
"756" 0.401501405355139 0.310832914510188 0.251788132432629 0.288940748946888 0.327815578433074 0.335103976783248 0.307726972943508 0.312915843843572 0.330574335128596 0.333099530847739
"757" 0.288841364156288 0.305375406803729 0.285765494593062 0.305174054232862 0.278515798085752 0.277980066460942 0.275124956158964 0.223256664252598 0.270029094558986 0.31811704033577
"758" 0.340762012453989 0.395199638203433 0.534687600478043 0.498346780583243 0.454852438804707 0.369117150454712 0.432821175744374 0.495008830114994 0.264255379667532 0.360815144337462
"759" 0.161725388134715 0.312098450777061 0.237289937773004 0.154449163007989 0.216286103743532 0.15836647285246 0.276548495913871 0.22676433591404 0.251685428348521 0.127079411718514
"760" 0.215265525156311 0.174366880984448 0.227477416364116 0.147721208646356 0.17897177009672 0.207452191336537 0.203177326441305 0.286394748964431 0.335641469772224 0.197759319855831
"761" 0.316952025583749 0.304881100585024 0.422264681471713 0.367910473615968 0.302028714438688 0.361961116082565 0.363415221062972 0.338038145971652 0.447539616045293 0.378797098759541
"762" 0.26453717696936 0.239856734837973 0.342558693745089 0.344043417417803 0.270511547025076 0.313100115036006 0.309452850252539 0.312018372354306 0.360789372735041 0.294335197514455
"763" 0.455104205696953 0.535690285079432 0.479949810106785 0.55692504630723 0.545149338235966 0.579844666952416 0.457421046963386 0.543779952210147 0.51426309196979 0.528517029903183
"764" 0.272249265664136 0.418587992215257 0.372052601789098 0.420972722628657 0.331122238549798 0.456910452923409 0.251146157679774 0.432197702733653 0.441323153120371 0.300834769540962
"765" 0.35213547784282 0.488704971760082 0.416171609237709 0.479756777059281 0.385470749640744 0.564268084177772 0.296037228989342 0.528044416227237 0.533624779438243 0.35620868755084
"766" 0.242768151165378 0.245106025136875 0.170294055166549 0.186490479573465 0.272236703036869 0.225244168959049 0.224250399836215 0.250391415849055 0.260713477835926 0.25643819989027
"767" 0.238529396690777 0.225453217269517 0.207384357342874 0.249802141364793 0.231848005367089 0.214250519377323 0.220280331684965 0.231867929815202 0.228118965342704 0.262623495137264
"768" 0.166065965445623 0.240264135010212 0.186759394021285 0.144840670694123 0.147812232097551 0.150831437269514 0.131198253317693 0.130093697334672 0.121039888964632 0.156624950943292
"769" 0.431234293577518 0.435680737880215 0.46218614088183 0.421461168481797 0.377902317848442 0.483663694395731 0.471857636671103 0.412714125518373 0.462215894586102 0.486714514767934
"770" 0.411113834218351 0.396541952518723 0.347484587645575 0.393895242638872 0.396067868167289 0.411961872840863 0.320902195695143 0.410190519766622 0.363275378108468 0.414127545455321
"771" 0.308805761428353 0.257264335843423 0.376645011857983 0.323777797410355 0.354643915702702 0.372915706860159 0.300351854429277 0.312191846821009 0.340747667154509 0.288002629696441
"772" 0.281119635569197 0.295080993902471 0.307191877444525 0.27991894634257 0.315195021625696 0.318343547260458 0.35220208635706 0.289205609888389 0.303898021305265 0.27152869466368
"773" 0.501393203668962 0.517202153338865 0.501017441118482 0.525539560406833 0.544023744144664 0.499663513968972 0.49312412252581 0.507880499990975 0.46103387650263 0.405051709265206
"774" 0.410298237187204 0.462617330260762 0.488077987302978 0.429455713266128 0.361580393407129 0.505233233693537 0.413744494307118 0.382073665258395 0.453131824743963 0.409365981255522
"775" 0.344764659008728 0.283323624830745 0.33383985465584 0.331541564793461 0.364087601157872 0.336834946433862 0.328251989228927 0.325582249802601 0.277326449124794 0.28741221878014
"776" 0.146546729766887 0.193432528565806 0.188278687160671 0.169022708617781 0.166043785453939 0.190415560443015 0.212149152335038 0.167746407408613 0.182152848208975 0.177728239274855
"777" 0.485375747037005 0.458874108748302 0.407426567457528 0.469381317362797 0.461579465112738 0.484674346237448 0.513233738548611 0.488618097046793 0.48956293117607 0.480271598805479
"778" 0.388065509545178 0.388139860002901 0.360696916542603 0.36738640654426 0.416655964641798 0.373159245521892 0.401220825183255 0.350174883967427 0.382119327120605 0.362824009874439
"779" 0.379508260524878 0.390710642667124 0.370060061400882 0.384005640905472 0.399491969550096 0.377163994388636 0.37360920571763 0.370786415813426 0.381974007325344 0.317259655756181
"780" 0.298766139116889 0.333664891015713 0.297940310262913 0.315913144691647 0.348401851911235 0.309193321139112 0.313848626720408 0.250815636225339 0.411889960695908 0.29785190082219
"781" 0.357371700787842 0.379001392113756 0.363454583545404 0.3827040466229 0.395443294386251 0.372800735968921 0.379077306447091 0.360871724255265 0.373999474765705 0.306717645569022
"782" 0.420645836348619 0.452572706043991 0.530794026646241 0.487487147908283 0.566843213830413 0.534034306070324 0.54842443964514 0.559849018810542 0.539928369099083 0.49817773937101
"783" 0.366377385640841 0.357032364085326 0.400670716010305 0.380808948645965 0.454504748363225 0.406631430998379 0.431538807126876 0.458418060690202 0.38898803315421 0.382466835027689
"784" 0.309954750839283 0.341044361990914 0.32867095491888 0.328785775382617 0.395232172409766 0.316605945974286 0.298971619574111 0.343628715764988 0.310113283938284 0.395370438861132
"785" 0.405781536489519 0.436574249313359 0.419419184793581 0.476499043603141 0.429164851455288 0.417421047566293 0.392221945939474 0.401659231811117 0.451752174322956 0.523880836819054
"786" 0.462828917801019 0.453118340656026 0.45984817100345 0.492689760740299 0.431911225081662 0.424141015219779 0.441244503957174 0.464224026008147 0.469695693109782 0.5833459827842
"787" 0.424988730606 0.373163576459354 0.48531394942326 0.447795774158637 0.401312771105126 0.359109937157918 0.449309639847137 0.460370196366919 0.450171048031315 0.435908540744632
"788" 0.156901629462734 0.150455907802457 0.14459149821347 0.183321001224591 0.164780237976041 0.141416036817866 0.164225239521411 0.142385960740277 0.128703872775776 0.146455490481437
"789" 0.434134691651678 0.444064536679702 0.38430808891828 0.426834598979637 0.446949683979978 0.511824489310032 0.422658305149787 0.422574891952693 0.42262896480814 0.498182748052128
"790" 0.279627408960073 0.26095379473276 0.242328280642012 0.266828251865671 0.248542206428611 0.247825313747524 0.222029575331525 0.246563089252553 0.196346042760195 0.183200437034126
"791" 0.364148464860108 0.363634710326504 0.345818972960367 0.408852405974147 0.292108870769297 0.313649111046619 0.36092712900883 0.33893988831511 0.352892380141692 0.348568925803963
"792" 0.130255244559348 0.189217241346886 0.172896194539782 0.174083416629261 0.177160444672422 0.156148696343852 0.176121639121087 0.166542755702153 0.16059064995089 0.151184983168814
"793" 0.429815247909615 0.46658390643336 0.485879402149413 0.387305556809531 0.509458802174102 0.428660500947496 0.437383340753873 0.437003557329503 0.403506952466255 0.424728906812842
"794" 0.17735306131549 0.252700200398195 0.193340835011509 0.171885448133394 0.324699025116664 0.16871294809596 0.209420192017289 0.141898025021779 0.190699624650148 0.198101328401278
"795" 0.183975753792167 0.222227239741715 0.132219795829245 0.142919123896851 0.281675547496345 0.141345475336266 0.140265747407461 0.138928908432456 0.166821881062753 0.128963363658883
"796" 0.357078640563865 0.336517416030923 0.365420259887939 0.330279933492296 0.438615628331022 0.315458639569035 0.378816362457583 0.28443176193258 0.392892577313926 0.390944520432323
"797" 0.412652185412026 0.377075085180472 0.395252470189714 0.366723574226322 0.484135265199083 0.379785464549213 0.42302403028809 0.313751674351311 0.461838610068542 0.495751713648084
"798" 0.341751893732427 0.305944377443504 0.316789887173257 0.280624978769352 0.474958166177199 0.278749729901061 0.358861417061209 0.273606429173659 0.480780834928222 0.463285917016661
"799" 0.187248242723327 0.183310985970014 0.210608463831425 0.224557869463998 0.280651812589202 0.163065956671545 0.33008556167867 0.186321297869443 0.32770929407429 0.343501246366535
"800" 0.166695991720081 0.193905856112979 0.201291435120307 0.220052560492644 0.228516024095976 0.19471050867894 0.313932677553518 0.17514306167911 0.329849915446543 0.33304250628978
"801" 0.297744614292583 0.324469711437046 0.340661741029214 0.312148524555054 0.321810413856845 0.314377326247056 0.336750961437122 0.3223591288018 0.291288039762853 0.412698553324557
"802" 0.487590689437081 0.440390767560075 0.451280998449645 0.282281521733868 0.41928695379538 0.451395685676014 0.425405246248559 0.419780179250683 0.452208765114345 0.221944115499202
"803" 0.476868030053033 0.430078039542478 0.461776094285596 0.273156606578581 0.436057597771527 0.450483054469359 0.428291392866902 0.417373767161155 0.472924297533815 0.210840331065753
"804" 0.286503129430416 0.257081959709963 0.343795291186701 0.12676829919649 0.296406339658507 0.309776618222871 0.346275365625002 0.303141726021275 0.257089640584513 0.188039213846925
"805" 0.314211186737615 0.318052008335739 0.370373997365415 0.405063030725933 0.333665232440832 0.349190438709231 0.34657477230014 0.394025275053779 0.290008759000507 0.332062047008559
"806" 0.228538630375481 0.19924346527431 0.282338704610109 0.262681908422541 0.221341819439074 0.249743747635486 0.236223700033682 0.253627391769516 0.225991160209375 0.233491769682305
"807" 0.430951799133122 0.37314832041001 0.339817280891011 0.420123679139056 0.373132997438575 0.346556869649083 0.337814652416807 0.387032967785222 0.274644789025404 0.401542901880662
"808" 0.391022484373208 0.364837053667639 0.284522076020227 0.33114682201705 0.39973121975134 0.31554656480884 0.33164257794681 0.352827384506256 0.264066022246742 0.347801959705199
"809" 0.169870528827811 0.160665043723883 0.243893744682796 0.17093305336047 0.17331162888699 0.165526079960547 0.162895151188649 0.173328676202562 0.146513700446575 0.138888808243977
"810" 0.563920037720205 0.544228628217067 0.541203600026395 0.536342052564513 0.511403213888031 0.52244098882129 0.486434917626378 0.46621967257143 0.35607646726711 0.537550577848108
"811" 0.157868863597042 0.207385875685739 0.175513103930851 0.200902720270295 0.177113795003342 0.196686404879012 0.16701203286125 0.165986324421369 0.234389688645906 0.199193515030202
"812" 0.180230893368332 0.236976390155259 0.191519858774053 0.217593007692462 0.194004025510261 0.223888542883772 0.187793689208 0.196360846812846 0.257640935144505 0.226306751279168
"813" 0.195196260526099 0.172305477738057 0.156017933097879 0.17331168040266 0.167359654932981 0.189376782648908 0.136573476467596 0.224843720615697 0.204573540496129 0.196758800282422
"814" 0.394540495753866 0.482276397855653 0.333322607633597 0.437029394882904 0.382477861707295 0.45811967299884 0.40515600055541 0.457626192513553 0.361485443938995 0.415183966668751
"815" 0.555977263999212 0.481626591257269 0.595092112571018 0.430006527044522 0.425792153702797 0.5035268398983 0.452422021439586 0.627753149165431 0.40453538339425 0.406776167489995
"816" 0.27115631381607 0.270645137256009 0.240514236475802 0.233229541589813 0.315271623265495 0.193034511916527 0.214605573583982 0.289211124009789 0.23729088207327 0.171779986030687
"817" 0.311973730843487 0.282891706093179 0.256166331193471 0.254205199868993 0.332002093076712 0.207345117977133 0.228062817061226 0.293400012898678 0.255153103513608 0.178122870725156
"818" 0.346356331085253 0.323327153534694 0.292424772858612 0.270190692483872 0.358089369282089 0.225455253889144 0.269114601855324 0.370218077983069 0.268226129765148 0.16815531640207
"819" 0.286883841355617 0.245793239174844 0.116017357219888 0.272013759857055 0.295776767415539 0.388177545561578 0.12944883911021 0.315442491428032 0.271953173926819 0.141011156042456
"820" 0.40097293090127 0.458490741858578 0.454986384260066 0.404573134328857 0.414102275371414 0.603839938052217 0.419955729708153 0.436835758458483 0.408063962209399 0.462224763172571
"821" 0.393086584036199 0.361452035217309 0.367390704204207 0.262768900113313 0.391742180513871 0.367407873835776 0.30054393728806 0.337643746986887 0.374092078780598 0.362933616934582
"822" 0.306986451277071 0.325564442463642 0.302118306987884 0.297736881935963 0.340446600764888 0.379945064686639 0.318516917289211 0.272310579535836 0.332740931069292 0.35945875623299
"823" 0.25627907432471 0.246355346313233 0.242448318113552 0.233294948312588 0.224031305747928 0.27397354200538 0.244004100006695 0.20045900533593 0.260985433483882 0.234580820065966
"824" 0.288378496881509 0.291673517721766 0.295496504498569 0.326659434369766 0.257001108313849 0.338541508016593 0.350129824254003 0.245273741895199 0.239235230679639 0.273228415301813
"825" 0.601334832542794 0.655641737877326 0.694428339806291 0.502507822402899 0.609445402839864 0.524456589420764 0.586912944121102 0.601422191333788 0.621393441751486 0.608831436681644
"826" 0.340774343323434 0.388271935554318 0.381209942493239 0.371212407374662 0.323473347870335 0.306159784297888 0.360905910076142 0.217338314193858 0.265936080637704 0.332713727662577
"827" 0.300650878655795 0.310891896544066 0.319515260284908 0.26537684792939 0.244286996147882 0.225236770996743 0.294126367835563 0.18761373398364 0.24223732217942 0.268994090333469
"828" 0.135595980880446 0.13272926206538 0.155825065303495 0.15727923704124 0.14145825112447 0.173729049180148 0.115071663397644 0.15971665723787 0.088565707463766 0.142687160999859
"829" 0.146297236639541 0.149524336970015 0.168552852750864 0.191067486066034 0.144964405285159 0.2179295042513 0.180556576964566 0.146196080230774 0.112044791219989 0.156722316247668
"830" 0.367641909445902 0.331153159250348 0.334639152727769 0.399838530818408 0.36782179897109 0.367632825597915 0.385694778332305 0.346387865866627 0.321077962219056 0.362426481533759
"831" 0.222639659551487 0.281379866003083 0.272131872901749 0.254064011170756 0.301458308941257 0.273617179619529 0.25663018057048 0.259622213659619 0.317318082502752 0.286246923598666
"832" 0.332474268151506 0.330192134666978 0.265791015715485 0.296386847660296 0.287182064983622 0.349519548868632 0.297712942982254 0.298158972410586 0.370335052614972 0.357857461529822
"833" 0.206611641545577 0.235052947835369 0.256297287325212 0.213429517269001 0.279248751972072 0.209301437589154 0.234229272146282 0.245920829809376 0.273724798208717 0.283890046602303
"834" 0.234296936837025 0.266250204244509 0.258735256466961 0.221244096606895 0.276580218994053 0.24389397088092 0.181471977230327 0.25391436351761 0.265245061174948 0.290862174433164
"835" 0.305933500434484 0.292690159355741 0.362261454872165 0.284772510180144 0.333083358874477 0.273257702288569 0.301368996655456 0.32449650582681 0.296640259816017 0.294451656949754
"836" 0.264866918692524 0.275095803590279 0.375943837341197 0.29204936465072 0.287194593542964 0.259513140716491 0.315366416020303 0.29263705302211 0.280885671689457 0.262156610201928
"837" 0.311831864559647 0.368292127376755 0.385274744291432 0.427092457459996 0.371115771549118 0.345128541243829 0.302026708867058 0.355820213161083 0.395743051838575 0.270113798574496
"838" 0.188775587262051 0.173286583572519 0.208128323178456 0.191846014745858 0.176890868333314 0.169223311886472 0.209392534592476 0.171673799961315 0.198033542907102 0.170504900350257
"839" 0.404831195131215 0.460960133826909 0.314574370884467 0.53308629610446 0.422645725294867 0.333099436946769 0.354650293340044 0.392506743790685 0.330269005657584 0.405807621550749
"840" 0.195334263060233 0.225368239975786 0.189904810113504 0.221922025185539 0.188937908660769 0.173993114189865 0.202575713761319 0.196668419660972 0.205790903118605 0.197201874667565
"841" 0.180222574854959 0.218799344298057 0.172574291399752 0.18478970035909 0.191206629621716 0.22042355013877 0.234619301579859 0.185905476303746 0.204362976376657 0.201452668083446
"842" 0.318198953686583 0.330544246523863 0.266863257984714 0.304225393634348 0.306296044629269 0.287483834134768 0.317613253597812 0.32441519209644 0.340989634021034 0.333679017907471
"843" 0.328834644276218 0.327745056784322 0.344880473826421 0.352330473632985 0.376959014725611 0.389602454037096 0.365758061947939 0.377883189002834 0.38475575600736 0.388022227983694
"844" 0.372852610332018 0.439855539821158 0.421154868952896 0.504534996736069 0.450945830087295 0.406406766570706 0.379235389531257 0.393786313745092 0.445531145076341 0.420872080708477
"845" 0.455660160296009 0.426877788451512 0.489076507477837 0.433595877558286 0.453634520031019 0.475219278947659 0.504077766988814 0.40008146243595 0.386998651511922 0.430218670455297
"846" 0.348221525531975 0.346421823049813 0.35329325668841 0.364594099951548 0.337098382528396 0.303042309375342 0.303269580079934 0.325223174229036 0.318948924257045 0.336866209486671
"847" 0.309089468527299 0.307981446986433 0.275689836080303 0.289427451844205 0.268210885538705 0.270228767270986 0.268720882963525 0.329795030283239 0.297434075923625 0.310930339829131
"848" 0.365173448590182 0.47669689129869 0.467486654165107 0.485214108594331 0.521230762626169 0.422747669641047 0.374953425264732 0.522969718672457 0.491810118236548 0.4034826066906
"849" 0.365541354503972 0.32293790406784 0.321530000275399 0.32926863717347 0.291379537357595 0.301902964155796 0.320819715004857 0.298825613755776 0.3533132068542 0.389253210706639
"850" 0.281573150093059 0.29283037063157 0.273691732288289 0.156010001305102 0.127880821889448 0.246164378246959 0.281504544236336 0.26525804117785 0.255040774851146 0.255084039905399
"851" 0.183599119588661 0.171119188394924 0.155171164546034 0.1638659507848 0.1003201474293 0.173949449294111 0.169843135305148 0.114723378596006 0.180244415128855 0.179055296992657
"852" 0.329353597945139 0.272765420188554 0.276390245690525 0.286485508227856 0.271898161626193 0.244894577210152 0.2394253149336 0.303698537653726 0.216623239278053 0.197711856766801
"853" 0.230810445979994 0.248785883589453 0.237517208420229 0.272370812960852 0.228435086109058 0.239083010133758 0.181704200236911 0.21626020109416 0.191511043171185 0.174426026333056
"854" 0.194766763537794 0.212702434429242 0.18651703769786 0.248216487061849 0.174101147053058 0.227740206504172 0.172669202354029 0.230128252908656 0.203215119811773 0.230177429990218
"855" 0.224767846685333 0.271259404525852 0.234734584863074 0.252488590658058 0.238028697391621 0.283156856479132 0.313745983828451 0.32651668748791 0.235115295212216 0.254111594695806
"856" 0.374008563412469 0.375054389392614 0.353859842252938 0.327902517257486 0.361546121536839 0.375991532573091 0.352098406618599 0.370008545917607 0.315097391503215 0.359789567370814
"857" 0.365868367120694 0.3236184346743 0.348149779204499 0.312148997390822 0.36348320255782 0.337765222491894 0.367174791509065 0.305444559809184 0.309061782119386 0.280887385459605
"858" 0.255129802946063 0.253537045875233 0.229801932702661 0.259839802347125 0.253043611910682 0.217648700900783 0.23561166812176 0.276010139113573 0.254043391425396 0.233050493920484
"859" 0.345833320131373 0.407020295727389 0.444196947415607 0.437173331864587 0.393420537347651 0.501501453949156 0.366607931340933 0.394667325837518 0.463992259567981 0.388462553857541
"860" 0.352838975417887 0.262947594909208 0.302547618895571 0.312300339264719 0.304419302851342 0.340816301327488 0.286706398092232 0.211580316452016 0.305756323072468 0.23206957693248
"861" 0.389704600020161 0.372951492827666 0.407536151391145 0.410712017764473 0.42374998840426 0.340706568566859 0.378477385669243 0.350512766345976 0.367051376871701 0.399937027669706
"862" 0.190823092241161 0.172002781326841 0.18072499112724 0.232342262668654 0.17123235593754 0.215931576720714 0.191684642418928 0.225903605340218 0.266000304448602 0.193093660719229
"863" 0.289719988463387 0.218377351697398 0.192986433542716 0.2162431398102 0.23341392146979 0.229601425707068 0.161091129879067 0.210576022773022 0.200976823710158 0.228107198968138
"864" 0.341602521556956 0.261479439876956 0.262334987966736 0.245802073080707 0.292407083433778 0.268024048672338 0.225946475590964 0.27226190133104 0.237563034089387 0.240746315008493
"865" 0.410779989265092 0.285252088544033 0.26417517737445 0.280729433238832 0.331230998300005 0.343394606748283 0.325410864729874 0.383870420207896 0.208935365010509 0.396536628256924
"866" 0.189337760395888 0.20217775484665 0.202017177691701 0.220325861107779 0.219870351228318 0.22855256907108 0.282908861091987 0.208680730168539 0.20111157941135 0.273074260192529
"867" 0.165492245410434 0.19438311464975 0.172287839689475 0.149301770650323 0.15726778089118 0.184167103206412 0.22344923950273 0.187820129412306 0.193274621481101 0.195305004921426
"868" 0.48769544787489 0.503924958639696 0.509135685051291 0.466290057299693 0.368801573298931 0.485990694629777 0.460664764810207 0.328210574069046 0.491873718603166 0.458455738496236
"869" 0.230811668195754 0.211650009172393 0.226442100455562 0.172734105321604 0.244686214823944 0.202484866865786 0.268753641962892 0.260050376495054 0.319593828279928 0.239252598587818
"870" 0.31673603815291 0.276997702019349 0.295573765881099 0.249366470062576 0.303288961815279 0.252722042683526 0.254494170222161 0.29229220039416 0.390998710543962 0.297465884124008
"871" 0.185453510907906 0.242534467074297 0.245402143254049 0.209839388378228 0.258218344810226 0.196960297891969 0.205308496991253 0.236980510242241 0.230315028525513 0.216346458452459
"872" 0.311449288251368 0.205235985117255 0.26455620672702 0.23043910937479 0.27007564354811 0.231608941007793 0.227387870013974 0.26683223569256 0.362943223455727 0.273961863471873
"873" 0.369174935514921 0.278587701353407 0.340486479479888 0.281766751607702 0.316967293496316 0.26867881388627 0.299602295727907 0.30978034361563 0.339465367652466 0.31697166342884
"874" 0.168593117086764 0.175775072984179 0.22237726912224 0.151591263685071 0.197517506318934 0.175777579537791 0.144731441859126 0.184593452335803 0.17493054842049 0.163476385673059
"875" 0.217216500732722 0.251788803693198 0.267091057665028 0.218315275005363 0.243175574214749 0.190491907357349 0.293364518598472 0.255921849148526 0.207030002387206 0.18214278545824
"876" 0.285602161411028 0.368799827384443 0.292944496835639 0.32629176174756 0.307598396471665 0.270266218646757 0.294021898499046 0.237215083046023 0.231078512387388 0.187857680752372
"877" 0.216398818927467 0.219361924106707 0.241014948996693 0.218381552153609 0.243645428849784 0.201101213252066 0.194684355056913 0.214384889539374 0.194704464478952 0.204170834190554
"878" 0.439132643619031 0.299711462082079 0.460757037130562 0.521436095400841 0.41891315180397 0.406098458843742 0.356929115231708 0.406349551222816 0.363210108652785 0.45133630054869
"879" 0.226340440387092 0.274760981511117 0.28852018818788 0.283795028411998 0.293491920386654 0.332513941907403 0.2766410525559 0.264504198903874 0.234859684348323 0.281033762793059
"880" 0.232850750803017 0.229770964618482 0.244543862515002 0.225993706381028 0.248670121789894 0.281993231895908 0.204703043650655 0.243035012894396 0.204983710697323 0.230441069901107
"881" 0.225166367466431 0.186651769923748 0.222294182948569 0.207886784483256 0.221288617478129 0.273193471324893 0.21308823050793 0.237375824838347 0.210186331855171 0.205951702780281
"882" 0.452396348347095 0.475909143058346 0.511570249891055 0.464627842765171 0.444182225879551 0.495387565142779 0.543803903083689 0.467131203880223 0.557164780607971 0.547122581418883
"883" 0.388094139128107 0.423037170340966 0.359799237367995 0.412760827485032 0.360565415011483 0.427900966393041 0.488816159205348 0.404580099089127 0.418771238813589 0.436797448864111
"884" 0.383519820603594 0.411650088048532 0.366771721179334 0.40596381156594 0.341697494376563 0.422626985022924 0.479497089194899 0.40325189195084 0.4178635282493 0.452135469966037
"885" 0.380379635249442 0.429231540885817 0.408578335265827 0.406011572965465 0.432104120525662 0.41954741242208 0.421261485930378 0.405303722874856 0.459560397693751 0.423653543109201
"886" 0.368586517088793 0.35619219075077 0.344238562410023 0.381487422291904 0.339374854887703 0.406464815422527 0.381624601156721 0.354762312469767 0.368334921925806 0.318236248146673
"887" 0.480234394983007 0.547637325197009 0.450183639156825 0.479192327097034 0.459962850200673 0.485825550914248 0.438242940621556 0.361632389836923 0.52268537964327 0.452853417850382
"888" 0.437855276291968 0.427854272391152 0.405334430920883 0.41937253260665 0.53006387265074 0.384701544785259 0.533253842135567 0.454394452359405 0.514481736898908 0.451780412430513
"889" 0.416552314060828 0.409719442553827 0.425269657384573 0.364958430443513 0.371654594470197 0.401630626316669 0.475927440590255 0.388919005002888 0.429682223648241 0.460380116468474
"890" 0.362544051090921 0.346933766047416 0.313926579399554 0.470480411001216 0.312351044525623 0.329482488442059 0.38121509890593 0.340124645300344 0.320532429529088 0.342082411393255
"891" 0.287094463108769 0.308757536109724 0.352452775513627 0.419947435612958 0.367432380938856 0.355679567813689 0.370399155716984 0.434762899639633 0.347450352350353 0.331899217260737
"892" 0.34248196289595 0.38843980354555 0.365071273824192 0.425285619395845 0.341212457003049 0.309805765745331 0.389671335119855 0.361357998177857 0.34526431254083 0.354359326358
"893" 0.243780878404343 0.276193603207461 0.305758258856485 0.404613039598977 0.347777868437681 0.351448500251139 0.346459608026483 0.354800677853727 0.308928453501005 0.306012734542595
"894" 0.225570533576757 0.256582426736872 0.300458049001021 0.366899211529778 0.32795222741204 0.337510753633522 0.336842529748906 0.339245556179695 0.28226565750287 0.274198127951557
"895" 0.444621070366395 0.519998939566955 0.52681334090717 0.570712485260783 0.503566082196806 0.538383315856169 0.414560695175045 0.483518533422241 0.495718536975346 0.52193987780114
"896" 0.161859498697765 0.212820757653203 0.215956702530219 0.258581339767074 0.20449008562791 0.183144843434815 0.246962457316307 0.254071458085995 0.214044783437598 0.232800970587053
"897" 0.14077247353669 0.199359233649967 0.178385903415627 0.248552024942743 0.197822156529096 0.170424024344704 0.221036243551724 0.197122323181045 0.188200304971448 0.200369551250892
"898" 0.184632597650732 0.20470020536247 0.241973105582817 0.281343366284002 0.21646325048696 0.179230933402706 0.227886615944838 0.213500157976209 0.206061031867067 0.207159589135519
"899" 0.298024552960668 0.326893155802685 0.363528871264227 0.370911461757376 0.33257038561144 0.387571818887867 0.449573746735856 0.520982792781168 0.421373644458235 0.324520226985536
"900" 0.415972089058434 0.497508972650702 0.420544817053891 0.421035133698759 0.416393442030466 0.443278112084192 0.332868007229522 0.332458970857492 0.395806169896358 0.447453236104357
"901" 0.336531792208043 0.296230932463338 0.405107311675304 0.219124508407263 0.352800338836979 0.318075430760843 0.303307179631825 0.300871795977722 0.327757006950591 0.454799271352817
"902" 0.247221274473318 0.255276070402401 0.276228588706486 0.192966235242949 0.337127667894431 0.26394222695116 0.269598714518625 0.253732543244572 0.249606792363544 0.384621027181397
"903" 0.359344472675598 0.282895878428411 0.270070615108591 0.271952172022344 0.303250528889406 0.271975746920151 0.291303703498691 0.267267128268879 0.317493769031639 0.364071558348213
"904" 0.192904714576638 0.227525114870824 0.246229427869351 0.219490588474072 0.212124463538666 0.269983744944488 0.252865117726004 0.255524049817643 0.232679599551906 0.259918084693607
"905" 0.203774118357023 0.207137840587875 0.25370520728787 0.252838119650345 0.248628413023799 0.235772615224438 0.246094358441132 0.23079154474654 0.238629435977684 0.218159692515826
"906" 0.256485377282235 0.258400474042058 0.309454895802967 0.299735150450385 0.304756954403988 0.247477626504599 0.291067917933335 0.294043629877937 0.253119617596263 0.315925163229425
"907" 0.323975729648172 0.371885320192093 0.312906709245906 0.329185409449136 0.38388490591523 0.297409993016782 0.3420458601308 0.355518370367048 0.310848182522525 0.341679068930587
"908" 0.232778790736509 0.224038258812395 0.311946630551266 0.216246925297288 0.241543025693127 0.228751091776016 0.249814063818692 0.265997161713286 0.198040672179335 0.294567674933558
"909" 0.234785135707335 0.175091398415525 0.289453073294349 0.190138096600342 0.260270302001704 0.191933306409098 0.231993579441034 0.300222546517781 0.241212530739876 0.250048968199551
"910" 0.183104561115236 0.194778857646146 0.192901465943767 0.168894624365388 0.203251757181375 0.211269461483282 0.216932781626928 0.246273557097312 0.15865107910179 0.221626972933879
"911" 0.27273285600177 0.262204240184716 0.275116372331713 0.209908353621629 0.246765340964587 0.255464023552552 0.259571748957429 0.311316327396637 0.235383828155827 0.247960888728203
"912" 0.257091031733384 0.202459280927794 0.316665362457364 0.306924989805322 0.293683446296242 0.284236669330678 0.270950349800791 0.30033645196322 0.258532021108658 0.282646398782541
"913" 0.442383149996071 0.479437968675386 0.444498963796119 0.366493273420146 0.439762208608267 0.390582527674088 0.408562243678077 0.46953854812941 0.483649939683744 0.459961594289635
"914" 0.449734517911316 0.41377478671759 0.492413644822246 0.48185356804244 0.524669488089286 0.472864017010881 0.439289221962115 0.38029154601967 0.460250415325666 0.466692236405081
"915" 0.449231096003239 0.470616759776201 0.478931465907328 0.516598737204771 0.38468459797905 0.479459210586722 0.470683178023781 0.442737006827472 0.431468670326493 0.481716337376926
"916" 0.113623169757496 0.100749529073614 0.09670756211159 0.108884556082341 0.104341191074182 0.0820314720588501 0.101198736629185 0.115181494959339 0.093579812321584 0.0913685028626263
"917" 0.177588787377365 0.163933891547109 0.124396648777383 0.155193966770208 0.165355439348913 0.128167941081651 0.143763456657196 0.182939850032712 0.161105471021718 0.131281153367747
"918" 0.232264861031317 0.247087580296279 0.187298490965282 0.167033297310279 0.182862518095311 0.19014609417914 0.19192558439576 0.192480659952044 0.202413853244925 0.192823752857755
"919" 0.290449222693372 0.295856834483844 0.32720642861333 0.317003055188943 0.34962848699086 0.193913593549279 0.293553597803995 0.333107803932286 0.305418839009918 0.194959801584114
"920" 0.332301757215882 0.399815849645895 0.34860544095517 0.32503070274494 0.359975468233042 0.242473416499069 0.385457409911563 0.374589822075402 0.346066566924664 0.257225395311287
"921" 0.276335915204659 0.221126001968594 0.301866704759889 0.259211586200957 0.22005952278899 0.186059822789307 0.25626493194159 0.259558258981923 0.258504103086837 0.189251890750325
"922" 0.396594528171349 0.390354266635943 0.429167292032432 0.388584369747332 0.343550518453148 0.24275375655892 0.418596356241688 0.387603359496864 0.375387097699896 0.274556195313505
"923" 0.52574255524112 0.485003258104029 0.487839852103604 0.536100541442555 0.5253231435041 0.561397110629054 0.478966156832717 0.565191304347565 0.542940353519757 0.371104819482166
"924" 0.263108554290499 0.31757038143913 0.319184511856564 0.253706719024965 0.26477902114471 0.330769165779076 0.303758312911299 0.410707157029803 0.277827108316643 0.325107909720834
"925" 0.255803316867084 0.316366988905169 0.323834704111974 0.269388330918876 0.294124985014023 0.345357667748088 0.284793567130764 0.37600942721137 0.320960809135574 0.329761947072465
"926" 0.223702887676959 0.19120263895418 0.139988563690308 0.208477093121922 0.220863520786018 0.221127770054867 0.199850341088053 0.300092198881573 0.213512622942183 0.218632934743231
"927" 0.236772838477248 0.387572950302058 0.323813586792296 0.269775759583681 0.309656915172849 0.31654348713072 0.366372779771372 0.396183248449697 0.29934269834207 0.346676109488482
"928" 0.430134431251322 0.396827714974241 0.45699294973651 0.432274112299733 0.370417805719468 0.436407543494025 0.442776955211837 0.413453344695428 0.351177057478558 0.397986186083208
"929" 0.451083136813363 0.43807066523934 0.471047576423272 0.439051797098809 0.422258855231259 0.43273360852935 0.429804881475273 0.387838220903778 0.409230675703781 0.352149400822671
"930" 0.370277572414502 0.387666038287269 0.4106872263794 0.3625134880866 0.337967046849878 0.400830086336463 0.310003874263172 0.32583803198079 0.317711615215683 0.34820304265616
"931" 0.392601421775002 0.375142784980794 0.368043947603939 0.385407398930571 0.35834718033385 0.336089386121111 0.36098918133199 0.294389145039825 0.36407710455161 0.333428515460285
"932" 0.380126823340514 0.413340761105679 0.383982504259642 0.393277553673304 0.389264464439899 0.386555762546157 0.374924422697628 0.29494415529082 0.425694085500872 0.358328678501052
"933" 0.499820312182232 0.573853349136443 0.547706554355273 0.615344736057616 0.470369213209295 0.593307147408468 0.481972310490602 0.549400412968304 0.507419549122876 0.496820021699665
"934" 0.199602721739869 0.16508050664932 0.134753042343904 0.146835565669508 0.18103052836372 0.146053794844937 0.201412315845306 0.159861177547174 0.183517141117345 0.176486439465227
"935" 0.256358883170576 0.293844374201193 0.232058503356932 0.264836643432992 0.259972771155621 0.28045138247094 0.261339227782288 0.269665463541329 0.169069657318709 0.287966765490603
"936" 0.234307462048127 0.276884359796146 0.2483586235491 0.250476977979792 0.375861780985809 0.237459403885872 0.238829804567214 0.275585455074383 0.207148407018533 0.224581440871272
"937" 0.227103500893461 0.249485388115995 0.208547723818811 0.216662714873607 0.301141577951328 0.227648177574107 0.212308243255864 0.274981039428292 0.200718786440938 0.207677677840218
"938" 0.295125124605648 0.327483173982181 0.231125527161796 0.321827986499048 0.271752354105521 0.321836925339244 0.298615047726504 0.277773032448637 0.388533445411765 0.341843356547012
"939" 0.379539709896068 0.371222327957166 0.337922841103085 0.358506119674338 0.33269563761979 0.328788645739767 0.235544051316157 0.31967933391077 0.337690464394588 0.337670314958471
"940" 0.342374979136977 0.289879080255309 0.27787601549685 0.312346137806937 0.261681763662952 0.337214198339555 0.358521324477905 0.331460023658123 0.3021784541872 0.339110290030122
"941" 0.266592085111371 0.184439136534776 0.203630172999611 0.193393362328478 0.212855507145857 0.21872384926315 0.24279120983538 0.232695826905185 0.238331805638954 0.211467296018896
"942" 0.248217364827588 0.241370762049424 0.264910853570496 0.27520992350395 0.271754914415676 0.313923942501114 0.269920568712958 0.315794244928616 0.292337740552702 0.31058944331879
"943" 0.345943761990508 0.408476912070262 0.451768745140231 0.421801421031061 0.418167670081263 0.472617251899046 0.448408771495909 0.345096230613409 0.431345163012442 0.432261550909206
"944" 0.314078899116817 0.313654152050878 0.270995065241115 0.336797070258416 0.285104228300062 0.317639124346691 0.320745666389255 0.285480905041141 0.304354548525964 0.286786461997308
"945" 0.466471098940591 0.365584350784665 0.388435368835019 0.303233204068963 0.340685072509164 0.319056440705682 0.295374432020588 0.327651151965819 0.40086185107904 0.343691615835323
"946" 0.359247966514177 0.341714037677101 0.380543970562546 0.331347446087521 0.370770799795228 0.375199316050537 0.369931825447874 0.386267459860998 0.440060906699386 0.354282292737703
"947" 0.397089887339177 0.248133799223431 0.331788144656543 0.187102339676681 0.299632036316774 0.324209094444084 0.291311383321754 0.404443418821121 0.188504990747378 0.333709746974841
"948" 0.263525908101491 0.312419990319096 0.265052808327332 0.297162387024887 0.269049112922526 0.231529974902941 0.295262897274031 0.295372080441707 0.299054364538295 0.30560256675821
"949" 0.301967546504941 0.339536551101889 0.299203142075849 0.313453235068228 0.323715239677282 0.291053083062266 0.272069950853407 0.370580613246452 0.281083420992283 0.350157225275819
"950" 0.238527336469812 0.231224368517527 0.246857289914782 0.287468827547051 0.168546658500693 0.260746889934216 0.212595311640748 0.287015344156053 0.215406789293461 0.174513630061463
"951" 0.459709250376463 0.574075972950573 0.479336155048667 0.480536731266929 0.50990626308287 0.458956843458592 0.471779875079821 0.495506560329969 0.462019007164489 0.543435407571512
"952" 0.518135303176661 0.506145003034382 0.376658955186523 0.393586174432754 0.471852877653876 0.441561252984381 0.38189800318457 0.462885922506145 0.512976149221992 0.448183222536554
"953" 0.421733970819067 0.46815487425662 0.390971054283488 0.390123473530521 0.397424096515048 0.40459209325696 0.424829780143816 0.376355987888448 0.420178680959111 0.40810203728029
"954" 0.436960257875566 0.43223948293019 0.429153602415455 0.385256835951299 0.432192349180698 0.364679459068149 0.411677550052972 0.414128834693208 0.411656203786144 0.410318405633268
"955" 0.340020407224136 0.366332169214717 0.374729811208599 0.366712967540597 0.370328730275624 0.305559455565913 0.38826711756271 0.380195102630903 0.34095596103525 0.373222778404534
"956" 0.433859244168578 0.313142744109999 0.365479622217572 0.390752118311193 0.427146317513094 0.447956568891777 0.462777806635621 0.327772754832792 0.417825657579963 0.446632170703681
"957" 0.230464822957559 0.167379521374266 0.141031076625827 0.103372450346772 0.195621617378301 0.216834847236036 0.206424442023367 0.110893094375648 0.222974873949099 0.20611535329451
"958" 0.241408005956014 0.180956603450635 0.113160078927774 0.131672340215688 0.167382244335857 0.152223154620574 0.215499495618372 0.0818648633361005 0.215356963808842 0.185546503896241
"959" 0.178215351300652 0.184246329999541 0.138765830111496 0.131664865776096 0.138127460010951 0.182179125651054 0.192475812982028 0.0967463673559436 0.222492590435467 0.194703133575991
"960" 0.182556322221716 0.189033453154732 0.170156316819543 0.0815397548979391 0.114952994832055 0.153998975292439 0.136397213604022 0.117096067598265 0.200155877107672 0.169496178031733
"961" 0.47898400098872 0.47293066237392 0.416814889728974 0.483807770323112 0.403020810618366 0.47251474159172 0.457580442140791 0.429308674726666 0.527033121264743 0.467091673789584
"962" 0.23563103656416 0.184247401933259 0.223160256787963 0.197083499745623 0.253039420617172 0.199212656757307 0.239670566461988 0.198401855551829 0.239424852671214 0.201511670705295
"963" 0.315571073813871 0.281836329492732 0.24420683472149 0.313151753583365 0.368240529986059 0.413772275359347 0.303406828990685 0.356035919448017 0.324658550943406 0.357045746745861
"964" 0.30112966755584 0.271232451195813 0.272550222383237 0.323895280506156 0.366785177634773 0.359676548388408 0.270808213780729 0.444728684279481 0.294625088729351 0.364868654959271
"965" 0.599509184791549 0.598068930356297 0.603697636663989 0.589907387080663 0.549049932922308 0.629320377710425 0.556589244921568 0.61866817159482 0.598157045135845 0.566117092896946
"966" 0.254197728006248 0.270766529298452 0.323266514729393 0.408019821459727 0.393299519165462 0.34525082168343 0.317743303594897 0.306025896189488 0.409758307260127 0.389319340194814
"967" 0.396260543075611 0.59422783933396 0.388348068293102 0.550300943809183 0.395841900514906 0.360456737357518 0.459300484463719 0.383036456309191 0.354296908418765 0.391840733894526
"968" 0.432224576731 0.545704354282383 0.440405458609859 0.517975713198596 0.436007574005793 0.450640722178824 0.498153773347287 0.487194376925581 0.397013639770124 0.458063421446226
"969" 0.298271579179099 0.281843555119396 0.335996098673904 0.238282218685718 0.395055048868236 0.346029823425648 0.363962768578408 0.38532177676044 0.37666053574445 0.383103478097535
"970" 0.268703222852133 0.171460888321873 0.265367930319405 0.206199036264878 0.306345496222149 0.298721299227463 0.223488708103205 0.242711757839675 0.236123085636285 0.257729676567184
"971" 0.443683100958783 0.530521663713012 0.411167762981751 0.442941116823659 0.41444158822698 0.427915787484511 0.473840506999142 0.46162746760755 0.376770979719681 0.430967382005118
"972" 0.303616828961058 0.244875171959723 0.245653411600181 0.339890786917413 0.253968883701953 0.288056562709394 0.350227368898385 0.256233642902552 0.305965028583341 0.271763308689947
"973" 0.378076598973786 0.26999085081709 0.319260870426236 0.273015627895279 0.401445032422578 0.286651920774889 0.372511122419745 0.342233235768149 0.343338927714199 0.298725594615789
"974" 0.275789305626867 0.271169177131471 0.284305692384171 0.261671792522553 0.293711754164243 0.320607979131295 0.321757134423072 0.283225334300083 0.320953963756265 0.242656093130485
"975" 0.341974792801487 0.299133447942436 0.271501296227207 0.269504674702962 0.287366318173463 0.281843886342054 0.326011154663095 0.286112121995897 0.383240774649588 0.276158843979429
"976" 0.25859418281316 0.285052076395592 0.26578200546406 0.306082902131878 0.291193393689195 0.283674490252084 0.249513226922761 0.289535338383276 0.337446888596485 0.269598185889312
"977" 0.181861807278858 0.215079444419037 0.210906187215358 0.230100478146684 0.255406139762135 0.200887361270239 0.196294453342111 0.138789559411593 0.157963137187107 0.178321144047628
"978" 0.236590048277629 0.254985047798891 0.249718835274622 0.290863912673623 0.309492319592046 0.240646276610562 0.258935607292932 0.178951861697691 0.231816975327026 0.250900942287576
"979" 0.382405459791823 0.375808056779723 0.39068775243186 0.419794249611263 0.438540337216382 0.363627204723613 0.364579835683204 0.340744785359553 0.257863092082205 0.333064754580885
"980" 0.250014776782783 0.262728445722335 0.260396762990181 0.304410188170096 0.278684398468465 0.219316746750954 0.238567894213139 0.258010626346814 0.227877348823241 0.24358094335085
"981" 0.407852767942692 0.476252096306008 0.459890032999448 0.454139427537407 0.442745134844944 0.4164824889183 0.408568421472511 0.464477209544103 0.342045011649199 0.496959827232978
"982" 0.231368222627001 0.278611627498803 0.273374014296737 0.292715868326751 0.320772633819458 0.240822069238286 0.256956643722544 0.275231528369064 0.256165804992779 0.258640221735792
"983" 0.192854444001204 0.226224331412819 0.2213433716627 0.262207794830885 0.206733434087709 0.24109238830666 0.252074550940617 0.217791510634362 0.230086543508277 0.233033645058823
"984" 0.291322949900818 0.282064396312684 0.276334532663061 0.278894460935126 0.228174464551824 0.281011212117523 0.226597313687326 0.233331591076897 0.240888920066694 0.260632974725906
"985" 0.20686310258521 0.214976855993232 0.215720634012734 0.192720398008134 0.208401018089564 0.248986680654345 0.174268634184929 0.210685629221819 0.16489455660638 0.163371073862464
"986" 0.34043204830578 0.342092111853616 0.348454836956493 0.181016468510793 0.317978169167852 0.359973811186261 0.362654693025629 0.350184087879901 0.338755094989504 0.300838632421241
"987" 0.486122655488107 0.514777012036524 0.501783140584478 0.330406297659283 0.494761002735694 0.491998069504773 0.515353998564236 0.505426736465284 0.5073304930996 0.418733759403333
"988" 0.349427606622659 0.313696850875077 0.325093770594671 0.272167977151096 0.343126969624799 0.327385218621142 0.336270827253017 0.380597683417786 0.288747675821396 0.249829826400733
"989" 0.397609353249309 0.304744014557234 0.266962681812402 0.206194296707619 0.423756840133959 0.272098904251076 0.317487522354972 0.320026946408729 0.29261432014707 0.277907338419703
"990" 0.242741507066784 0.327238792286023 0.296665549253061 0.219486196066853 0.274562845650855 0.28404607194968 0.277511456264931 0.223130930735236 0.23766755855578 0.296617902764081
"991" 0.258463580414774 0.319854445943397 0.33260419958083 0.287033111752224 0.268965049354745 0.275344882398616 0.24503586928656 0.257799762305294 0.275185487389248 0.270944926897891
"992" 0.122881299376961 0.158204110550612 0.171376575046229 0.153441125159732 0.154054462222345 0.167104047489329 0.191993522173632 0.163795822375792 0.175352688482109 0.181077716962452
"993" 0.138366716613017 0.203764575653157 0.207755618489938 0.185843224032321 0.216114934492733 0.23009551154031 0.221818309777269 0.171900982990528 0.21979204757297 0.17044194645908
"994" 0.171809291510529 0.222039542656488 0.287134849145181 0.218035780302208 0.221468075870984 0.219248173202811 0.231344122557996 0.195725253376501 0.277278654019195 0.256019238374716
"995" 0.526981281601052 0.382728342857035 0.420814053653024 0.28056134743738 0.286837489632658 0.330084167707982 0.381918199555416 0.343979129581854 0.42347641973867 0.347128879834094
"996" 0.503765283036099 0.443603564769832 0.468892924488008 0.479537307823648 0.43694534274865 0.458350643537864 0.445213586968201 0.376615983567716 0.406818360919996 0.477806602691152
"997" 0.492127151400819 0.506582430419608 0.439301623905472 0.455744675099675 0.39324832914287 0.410988595451132 0.401891258952048 0.384922361514069 0.452454249903281 0.481127953942778
"998" 0.429133284749092 0.551604553863523 0.475609615609307 0.485216667700857 0.481496891931565 0.500602008764705 0.515099987027786 0.554341318930976 0.491343743788922 0.5653047674362
"999" 0.307544300596216 0.277285276380221 0.245868069905058 0.238626874280777 0.234898012201764 0.250132335558876 0.282184849753663 0.256075034194673 0.24687788109905 0.293854578401966
"1000" 0.459548517262088 0.329538616899348 0.415163726810426 0.403793432629042 0.429011371709684 0.46214241087506 0.414974951553446 0.448229232917301 0.478643919382437 0.455655286917903
"1001" 0.23174731308623 0.212303789681519 0.20134703653639 0.308426247179068 0.265310061094496 0.278738995559523 0.305964594470348 0.229353014324958 0.252333429175881 0.318836710034556
"1002" 0.289473052825296 0.343986619142779 0.327560829040651 0.249309949877754 0.257736707903078 0.313122829881457 0.23891001646309 0.303752799965804 0.302924359385154 0.303766136519215
"1003" 0.323487392203684 0.326908271713783 0.376009884475011 0.308054382110101 0.271874407232631 0.365681220531539 0.282418285647544 0.354844008774959 0.360107910995525 0.290234510354847
"1004" 0.273830916735051 0.22805355962246 0.30770295747949 0.298941472544792 0.194146679544335 0.260521899514949 0.254402667459676 0.254480791866429 0.211466214945751 0.333409939740207
"1005" 0.226432282912588 0.229469382642055 0.213511103327298 0.206984168082482 0.234986868920215 0.229955920377189 0.20803947108631 0.219435579334623 0.189351003266164 0.198243565817755
"1006" 0.211169353171808 0.223580617389157 0.223741430251835 0.187995707441088 0.244142365859438 0.232676493688489 0.196267163384012 0.212142457705294 0.186331661953881 0.197694425404713
"1007" 0.254428839187467 0.286477333606998 0.26814706959032 0.231295913965046 0.257080849970581 0.264397302454967 0.27847067926685 0.294404923155628 0.330128631075589 0.274241883100692
"1008" 0.237167984400951 0.27189078987759 0.223679943854842 0.25728845626817 0.291411856132069 0.33635559148495 0.281320529671936 0.25135502422081 0.325975721377083 0.301411974716624
"1009" 0.287464103344217 0.277231600821033 0.21443761752026 0.229503802033516 0.262724278428844 0.290919145987446 0.295624730740843 0.281459362748603 0.31372560615852 0.28980302345917
"1010" 0.224407176249747 0.244923805909721 0.167682314082653 0.23411158528962 0.206980832767468 0.196127231504714 0.148655694578278 0.182098209781201 0.193526936706749 0.249411635789711
"1011" 0.330728669037104 0.457651186669467 0.32133948312873 0.225909491639182 0.350143823153024 0.333046720535329 0.374249244566917 0.291708794829035 0.365874395512433 0.32294272858772
"1012" 0.294593540338948 0.320884470369072 0.254231315459784 0.298412931942819 0.282081658810069 0.215840942842053 0.239051012320589 0.302178892831389 0.260011343992384 0.252394394110637
"1013" 0.214541761949393 0.199277969037917 0.203157855499469 0.196248202728587 0.204402518857042 0.205748251836554 0.176247752326424 0.204424168121136 0.223885089711319 0.227252794056606
"1014" 0.317278288908434 0.298509490097859 0.307261028704593 0.313025654534661 0.336946078169839 0.310026696629401 0.289445555008967 0.306577045002909 0.3253974085131 0.270443230970468
"1015" 0.279628177321904 0.425077348516468 0.229825422005789 0.294804388216453 0.282661408987848 0.275741873070346 0.366207698588073 0.362692252146341 0.274573832195177 0.246453822405518
"1016" 0.285751829330892 0.287153631319278 0.304461356037892 0.198030695662767 0.307085690652179 0.309032568518756 0.295716921798327 0.278747218757721 0.340636740675191 0.320653922399229
"1017" 0.36966045352193 0.328456691917152 0.331183896761027 0.2397222833505 0.286843687208665 0.337144501826919 0.357478605762317 0.301914882132671 0.373496868156448 0.359838992353759
"1018" 0.48311253160221 0.38272265914186 0.438760438200248 0.373620910503388 0.487815295330533 0.406748845915528 0.439415447006922 0.447071171729701 0.434156277690963 0.412024301211299
"1019" 0.195150556702106 0.286526407021817 0.241167589053837 0.247725616857961 0.236747860134235 0.227010117330406 0.247156775261937 0.294631500514551 0.263204140312905 0.252759868870394
"1020" 0.294466612018458 0.311816556423719 0.323946219862697 0.344454342346853 0.419805538980682 0.349329050995762 0.278975829853344 0.313012611409768 0.301990216690596 0.323229003306979
"1021" 0.141743556114063 0.170333362455982 0.194548632502021 0.185747689961462 0.139790451227116 0.150608971018607 0.178795602272509 0.179500298237358 0.159975994708354 0.173137842314031
"1022" 0.243609148347648 0.263839708590848 0.289486291957212 0.267259805687533 0.296773561511696 0.259820861120931 0.276110514775667 0.296265234612972 0.298995454844902 0.281591387824769
"1023" 0.653846214758834 0.581884054163605 0.560007232761961 0.627929422301717 0.622183750388748 0.659532533468024 0.627869498058365 0.643290243588145 0.553484059470228 0.6285998323109
"1024" 0.182924285945076 0.199117373814176 0.195518737681945 0.173508748592465 0.26276755768898 0.235374973273865 0.205807206208327 0.225740948983295 0.204633903916425 0.194245913315246
"1025" 0.134926508235471 0.130604407565101 0.107855563151716 0.122334243143131 0.215954181126627 0.11912127328685 0.113271221413422 0.10714893981723 0.131711611160588 0.124806810373674
"1026" 0.171605474463053 0.190739927073242 0.131036477209899 0.212540837649089 0.263511611985824 0.203529149360007 0.158569950559077 0.151128298427173 0.200161469256643 0.14782092270633
"1027" 0.158053384922147 0.149206576232189 0.12692857656928 0.160646277255618 0.222893409369755 0.178148297043948 0.143338149556083 0.125251598645581 0.205038385564781 0.113683927679266
"1028" 0.337192816392813 0.267040221610486 0.262191441831605 0.327162333535927 0.25107033505843 0.243990582099536 0.297872079027991 0.31438727766686 0.312742341040224 0.312910152109022
"1029" 0.372630526470358 0.323246115546655 0.277699399953038 0.36851044345936 0.339163843642749 0.428319831163279 0.392073463081892 0.329132807844023 0.37524593927503 0.382147560686344
"1030" 0.26346849175609 0.272232983209509 0.252199350419067 0.253399424841827 0.243419944279516 0.341881026353831 0.277935420961847 0.246128408597611 0.193872128373545 0.212035538537877
"1031" 0.343383896086327 0.369980812507469 0.350642795207612 0.402886228066672 0.33212890326047 0.445392251448582 0.382166472602056 0.374133583476946 0.216169816314812 0.351904576349223
"1032" 0.295869864211444 0.329731790786652 0.307402555600268 0.330733091019903 0.261447601200122 0.386908479422202 0.330396064128432 0.320603444415776 0.193822873536252 0.300215177008341
"1033" 0.370243961142182 0.344196055489772 0.352870623095673 0.434499613718994 0.413135288078197 0.336256123947867 0.353030705278017 0.475349568859201 0.325809123135927 0.470912519265397
"1034" 0.448140126529099 0.463365392326874 0.450236114156374 0.508272866778217 0.431013431203357 0.408347805148455 0.404542818966023 0.400512728381928 0.477124643207789 0.435134676839738
"1035" 0.319045001547411 0.242935691784554 0.233877310326219 0.231083630466776 0.218447083041885 0.256727189251269 0.190195298700445 0.273442717645154 0.214362158534401 0.180216876729058
"1036" 0.276141157854069 0.234776533949895 0.208202390429512 0.240515040452428 0.243108653650369 0.220878073336927 0.191648204362587 0.261778436307031 0.233659082064106 0.162497269887421
"1037" 0.238382759958242 0.333208483962665 0.222812929536448 0.15523034143208 0.254354941156382 0.286341421755732 0.259150454590959 0.242506934914532 0.317053954485032 0.287014871718016
"1038" 0.187626852301895 0.212281980896022 0.246642493824886 0.269691149833828 0.25738987358834 0.248830810740932 0.244490163742744 0.220190510915484 0.27450299238931 0.262697955951784
"1039" 0.25648150355398 0.293640008678525 0.258432840928515 0.303068108533885 0.271675535028562 0.280798642739275 0.279920875030609 0.251382949213321 0.297678824340466 0.265048864571325
"1040" 0.366201969192918 0.55482547097783 0.508798661265793 0.492266709531798 0.451577920358553 0.511155711634949 0.462577342051848 0.454644009884735 0.47334254762645 0.433074550784501
"1041" 0.327604238748554 0.378591102393225 0.302869034929025 0.333737355362925 0.3002660588656 0.305107684467353 0.239032993988637 0.286561262221288 0.296824350101723 0.308617728811151
"1042" 0.29028414183788 0.348086046833377 0.260709931973619 0.29937377852264 0.301291262731703 0.286013875889519 0.235252147620601 0.287096381536206 0.334416601879414 0.287182827687841
"1043" 0.319434902913334 0.325847866598266 0.381526914917826 0.374319759877237 0.340175431649947 0.242316621058385 0.322175186921199 0.355495654162681 0.344629997965125 0.335560567411543
"1044" 0.324488331812059 0.361960588436871 0.366754656857434 0.3352939687278 0.321575143893683 0.323074248705775 0.360362827426291 0.337861462762352 0.31034532001232 0.302908967967892
"1045" 0.285089144739954 0.279361262209557 0.181115178425132 0.313973621399273 0.280239092470134 0.270237501950565 0.282911407025186 0.259817289708692 0.260924688108243 0.304036853423245
"1046" 0.25379472634147 0.26602392961741 0.176211351217206 0.291201394087931 0.271773390535496 0.22735716422467 0.248803033312792 0.234678239520794 0.25800550614995 0.272239802045115
"1047" 0.193710978005724 0.341291049224299 0.221206046997528 0.176279491419579 0.295036547435742 0.287697838526348 0.247082747254865 0.314198670389032 0.329352202325934 0.331596641766059
"1048" 0.502857265710447 0.515982850679437 0.507448128916254 0.514668352806194 0.425012070989204 0.512346661617211 0.55509942571053 0.46852964767516 0.526242449581493 0.5084909158666
"1049" 0.269130333825204 0.26833874696779 0.331936786959686 0.29073803258977 0.359685490001714 0.227829481606771 0.272163616993932 0.26726500440039 0.326120934124254 0.273602141915832
"1050" 0.29216018749517 0.328625842423173 0.334390746690564 0.341540193640044 0.411437567422844 0.290172055697721 0.295886916773246 0.284428058951454 0.38372320475059 0.298168780545256
"1051" 0.237108370310152 0.258156011421137 0.268114635464732 0.276524321394467 0.361643658292712 0.242789609184395 0.264946575798355 0.231409052867533 0.259402337631154 0.227705484596386
"1052" 0.256704838110936 0.282841590754085 0.27711719589548 0.292151509840204 0.374308461113772 0.253059210690658 0.273541552309386 0.242801982160462 0.274101116629933 0.238890333081235
"1053" 0.382400206932103 0.368996047644435 0.441019749417147 0.416658296879569 0.325133974846253 0.323764647243897 0.424923625983891 0.268454711639627 0.406844526149957 0.350040642162973
"1054" 0.445180038206037 0.541058555063825 0.489626415469168 0.468457887807934 0.429257785259245 0.498621234660701 0.405426896204671 0.417138660069687 0.476532001080735 0.557879264344356
"1055" 0.195674474683059 0.190480951582675 0.190929686621248 0.16367487238426 0.15566881587299 0.157777640606574 0.190985369500202 0.176289275219523 0.205671568097342 0.158418491663322
"1056" 0.246451800435478 0.251502268315619 0.200890508516654 0.22052536254358 0.214840662841989 0.20456550005825 0.212902949950411 0.14950540625692 0.197537218565883 0.172557561408435
"1057" 0.556219248621584 0.558868459356855 0.534252513735181 0.505205012203542 0.546828541898159 0.537321864206915 0.556355397319499 0.478050700041421 0.610156386518055 0.553001947874082
"1058" 0.276602432756998 0.321948181472279 0.31061589043565 0.284436448092346 0.289286054045529 0.412006436845244 0.307403544071871 0.333429640794655 0.361051045060437 0.296113528802975
"1059" 0.258888336568685 0.351066348606547 0.325798735184211 0.335226098506083 0.316392095540166 0.44435484005852 0.34617189716312 0.408480682049347 0.356524612780572 0.334980365706581
"1060" 0.254828591848398 0.256888030888334 0.277354149155736 0.275067866203601 0.316230955150204 0.268397468139794 0.381339007176473 0.287472394579636 0.250010549963987 0.270740748086486
"1061" 0.229647321191564 0.246749001929414 0.247649237292735 0.221606256845016 0.207109270391287 0.20997278226709 0.194884329095456 0.204169728989268 0.281915236229549 0.200051268808608
"1062" 0.370988630260076 0.322209364700023 0.368291487316384 0.407691425545136 0.367230298179981 0.41347411748834 0.345211779059974 0.266726413922724 0.31555364765953 0.418698593483621
"1063" 0.280535065401199 0.302046884025886 0.29823424453494 0.231466183258786 0.372886349290089 0.277045006098029 0.312075088384122 0.226875647686034 0.274031703866557 0.254610110979499
"1064" 0.325727773059149 0.327913843237461 0.315388028354706 0.24282923703612 0.360797054909206 0.278293254540402 0.346362889780185 0.264116390851144 0.266541313964321 0.236262836617029
"1065" 0.51913628020364 0.527468876702971 0.475164864639561 0.439709394623525 0.466611310347766 0.468598736373242 0.314898022207374 0.513692793270478 0.453616080031912 0.509170951849789
"1066" 0.230123553273227 0.198288411049017 0.228836407400771 0.290995610876657 0.228076410166635 0.270289380644593 0.291799306878892 0.246906405719812 0.247747702073355 0.214508352834837
"1067" 0.298530217168553 0.269593070007894 0.393603867290423 0.359699710589394 0.281724876866096 0.298896808431552 0.434740666169306 0.346457658700932 0.341826923004044 0.332030956101303
"1068" 0.422911172697835 0.413414669069056 0.324374186039365 0.326198144762024 0.331923353218981 0.339970151910068 0.389279260266298 0.400781714719884 0.348219792919837 0.383965544078668
"1069" 0.45360022013516 0.352610221819093 0.321325997551719 0.438670659083778 0.420032449810567 0.372844787960664 0.385819068000848 0.356578283434996 0.401356034641864 0.319629514329018
"1070" 0.304762012601575 0.530336590811573 0.517748657501797 0.528612855563233 0.276583909179113 0.52304692541909 0.532973259986401 0.487929588424246 0.51882322021523 0.338133836624879
"1071" 0.262383081693942 0.171258731287154 0.217227211261892 0.226730846986752 0.192051102055273 0.272357538779466 0.206434395346878 0.204129312433293 0.27060302933361 0.188806249820165
"1072" 0.509922268910937 0.571078983019288 0.511503061502258 0.533441684746838 0.480742245000175 0.539489164344064 0.510848373450224 0.458452732147734 0.544360622181516 0.474619761397059
"1073" 0.239493967878578 0.257455785176498 0.300507631691504 0.20938853865176 0.218199684120499 0.280814843433324 0.222853236609096 0.234662943877093 0.217742267136141 0.199060104430438
"1074" 0.376364993811727 0.196458455374852 0.369587173014275 0.32299519582269 0.320999004500135 0.319536694789066 0.340348425431781 0.239533305580355 0.282137357626368 0.336745290455765
"1075" 0.238410533643302 0.178232292327472 0.194758015296332 0.191816636967515 0.168337930084855 0.167960774848566 0.183412645851081 0.179641667214785 0.16409018932912 0.184613200131217
"1076" 0.302589211590259 0.183332652133339 0.282181009133278 0.263361688150982 0.231059129733276 0.329664903149473 0.241782642949845 0.260365706515801 0.235754263847134 0.297706261204961
"1077" 0.161005891613244 0.167892043984711 0.197588312511404 0.172966548382722 0.169782543943894 0.176214408600209 0.137770531138492 0.167554136595162 0.152491712278716 0.167619975964925
"1078" 0.324779457380183 0.205278007603781 0.304404537102454 0.281377423842879 0.222813711211587 0.353880367364083 0.257465593127686 0.263950269272842 0.247668775390875 0.299302116632095
"1079" 0.372332558011034 0.353455788194994 0.358185486492397 0.32024142161411 0.323239390058685 0.257742462513121 0.325319776790038 0.36024922433615 0.347568651302125 0.363634955791602
"1080" 0.579143163577402 0.569546321217008 0.597011365252818 0.540565885066084 0.557671332016523 0.54101632696646 0.530595059584026 0.577190802253396 0.456070797752384 0.582490970644353
"1081" 0.299539949606401 0.41619571021079 0.486564094235275 0.439891448976626 0.546363675060983 0.41711369369922 0.464414441457236 0.451904355275786 0.505136007607057 0.481612682156436
"1082" 0.253171666076473 0.252713127331769 0.24974880491081 0.225551380087964 0.243781015105357 0.239169846251533 0.27524596209663 0.21734908833992 0.271130688935822 0.253770242874559
"1083" 0.232962928650021 0.254899320704772 0.272715970829925 0.319981800666796 0.262416248086931 0.237237672721964 0.175768330037101 0.251644121747444 0.190454544202686 0.178750136948564
"1084" 0.433138816599143 0.382537557998958 0.442487325480311 0.31730327237747 0.492593084205722 0.344455241748721 0.348240547343814 0.429650038573592 0.41406046704269 0.394699738043981
"1085" 0.345604149886802 0.365621193852254 0.371012234857232 0.376634726464438 0.441014268107474 0.402568852995977 0.394267318806385 0.344162875037316 0.310725456545975 0.339841473937565
"1086" 0.245166579633666 0.246346031104934 0.19191032568855 0.246162167770357 0.217534836804246 0.24869401206583 0.21695674168409 0.225828110717473 0.363715116910081 0.2821223718887
"1087" 0.190294646620454 0.216413252634927 0.0787627034347684 0.203988885337672 0.2270860956963 0.216221394629486 0.197621759061801 0.259886933871481 0.238087196069174 0.214996603682461
"1088" 0.234790852797506 0.221562574118738 0.0751185646265432 0.18188195912581 0.230553670483156 0.201588473217927 0.217753516462235 0.248927193227852 0.194677661272859 0.194300769822401
"1089" 0.364554310442997 0.398184430859633 0.291225719341289 0.364698853566362 0.355103715497502 0.391059188140379 0.349752246175038 0.378427506366397 0.320253620164899 0.33248254194209
"1090" 0.45024228453406 0.358242391953343 0.381682325968937 0.436845812775963 0.38898964197549 0.500475827568549 0.479322388902107 0.440102032365614 0.376716686302922 0.478329342124173
"1091" 0.355302507617785 0.305274581219997 0.323812768884123 0.246222666808299 0.255141337116181 0.303759337455008 0.343661482565014 0.340416158650239 0.251285360953617 0.363232503200859
"1092" 0.310704945166866 0.330118819182501 0.32798421221542 0.270152314507604 0.302749500643804 0.27736286589811 0.302555822165412 0.290947410156048 0.276578755550853 0.375237665354296
"1093" 0.272471342493422 0.290339041614182 0.220843558642843 0.273798926759448 0.242531453623015 0.29844047034027 0.289877812107144 0.301064507576435 0.280590842031734 0.298795231162031
"1094" 0.261255048913029 0.286873682858422 0.199309148634721 0.240378333302039 0.208313623000914 0.209509815385265 0.241686355653775 0.246350457334334 0.247676849491915 0.241023616861356
"1095" 0.33536003090904 0.426231373562961 0.377148831529059 0.441145152833403 0.393591995038202 0.412372748010328 0.443695815893313 0.445105925354913 0.456684697112197 0.376179792922427
"1096" 0.215722004449553 0.252448043038154 0.249897374179134 0.263266599802049 0.24869662273848 0.255000257501039 0.275451653695837 0.248443085313066 0.273328773532791 0.247957650762319
"1097" 0.197483486150519 0.205766735175391 0.197205633199535 0.194203804207413 0.18325627709375 0.192479686771576 0.199946147007388 0.229058400192379 0.174930883231978 0.173767684429959
"1098" 0.440229477740709 0.348082580289628 0.439401036351906 0.446928083893717 0.411880943067051 0.363146776756565 0.443978028358411 0.430325462538088 0.491886459205673 0.461810831729728
"1099" 0.377837893694759 0.385218976048767 0.366708960299599 0.442590107806633 0.463216830928369 0.361191193537255 0.393686799505584 0.377940775658039 0.374559902435538 0.360445165788513
"1100" 0.25921338404648 0.255573916399797 0.291822228329833 0.31779161046273 0.352243300288731 0.243226217853766 0.316027287593016 0.334652672321069 0.275182228963056 0.287507638600975
"1101" 0.249398473729849 0.229538198178519 0.259811818804163 0.291857694600626 0.283489636620497 0.198690347924075 0.25091877936547 0.22788351073563 0.26181838041269 0.289177889025935
"1102" 0.283123336125083 0.314349477712836 0.320231309362311 0.298157109848126 0.343348236468337 0.245649871302295 0.284705047376431 0.360875659281894 0.255468828983727 0.32690616172301
"1103" 0.309566071475691 0.33278899090894 0.311879278135141 0.378247182820474 0.369883413306524 0.265600473464227 0.30547380118711 0.280154770265293 0.337753579545598 0.292304909690534
"1104" 0.396148295978686 0.376177291444236 0.386824231575365 0.44415502765634 0.344021717717834 0.366909634985865 0.315198705231828 0.326084542903053 0.322339840177898 0.449367371787884
"1105" 0.23254601207759 0.303006426026137 0.393977918769074 0.314600593380424 0.329019568775357 0.279288451508791 0.350486813386036 0.296641183525229 0.289986875292098 0.288132643093426
"1106" 0.268278409164691 0.271575637572061 0.273925477643955 0.251720400146948 0.235312849247475 0.240682326985152 0.260438099733597 0.228592505792072 0.244970255894786 0.293805953195817
"1107" 0.305907949875601 0.327422270398397 0.312041238012314 0.317359409925058 0.284940143385268 0.288696035849385 0.292850197003263 0.264057937247396 0.272327796687401 0.324599071897427
"1108" 0.284325635810549 0.308931572633709 0.294690571153551 0.336002970583213 0.266574484067009 0.30086005026478 0.26370414998942 0.303173866975441 0.256745406129053 0.300170076284706
"1109" 0.338869808120789 0.281809523959775 0.405340162371794 0.316282933057883 0.437007774956642 0.338289547650145 0.368394388373597 0.369059528934376 0.383507008972994 0.421052017641903
"1110" 0.371026270698417 0.409077254589001 0.316787477722306 0.387646029122166 0.353353879400531 0.218291465272362 0.371734975747323 0.260335252417534 0.34776564198751 0.319179198111464
"1111" 0.452493694632763 0.448673209822081 0.421329404462076 0.447297874942361 0.443812181136118 0.217283752677227 0.453885423771475 0.307016916564769 0.423383949520502 0.40632671088651
"1112" 0.471461273308148 0.472090272929201 0.439887056323043 0.46307597883081 0.485651615378873 0.250797451657985 0.484059763362114 0.320904742419016 0.457611477888607 0.454748490730014
"1113" 0.438069131400817 0.477717527375268 0.429706962062433 0.466835793913698 0.466142703038178 0.208260819926891 0.456208077097028 0.245534804390872 0.484173032924099 0.473015613006762
"1114" 0.377560758084445 0.315679909248482 0.307309745710671 0.31995257852901 0.388733797384105 0.350938384128473 0.267947350963213 0.310020538367745 0.257400760691109 0.393986197297657
"1115" 0.312701727442254 0.295959434550207 0.297452899221228 0.35861542798142 0.306274626921034 0.312024529511433 0.260886997731624 0.243085419353486 0.241580381932169 0.448683429711034
"1116" 0.472371464607112 0.43627660822273 0.588432791911468 0.51031015497296 0.450532823504899 0.480741614072974 0.492569414426927 0.494278844109794 0.456031653743789 0.497189719974395
"1117" 0.203170417368178 0.224035921964823 0.183015164037749 0.219386483381946 0.21363435922289 0.229291311484369 0.18125381426596 0.174316347428645 0.159823680202333 0.21990048909228
"1118" 0.210497535756923 0.196062529304857 0.154585710887465 0.240403682991852 0.224016421899782 0.225088258826826 0.194341413759001 0.14489166174511 0.13291470983543 0.193157692908816
"1119" 0.220593844680575 0.207741613008738 0.270617476222613 0.218830776469833 0.224864853690781 0.224241684465023 0.243703765207358 0.221525071849779 0.232467202111806 0.207682266077987
"1120" 0.256153554920423 0.332174012525252 0.369342153611596 0.321219066234094 0.344358262935871 0.302953303065086 0.336673444278709 0.281392750495304 0.188438370711835 0.332082902852296
"1121" 0.301300237837772 0.282170579332311 0.288014773801988 0.346496226697532 0.259232581169265 0.261521479914959 0.283781755986282 0.301213777077793 0.456060744793056 0.316810584048629
"1122" 0.38647588333876 0.436025074808341 0.417996654755319 0.472907297997479 0.429061058756523 0.334041966524903 0.347726416628787 0.282618038175287 0.38179441634575 0.419566242778389
"1123" 0.363502516083636 0.324467228030834 0.262965477802165 0.396975641932149 0.359373542543867 0.352466817191351 0.282877097851302 0.278443514140567 0.335872408478113 0.307828723159988
"1124" 0.326286297387217 0.220931060305515 0.238515039062117 0.307120534660063 0.272504551006638 0.304491778401327 0.235738179640837 0.308643011961291 0.343015401075401 0.296361056120748
"1125" 0.396435546620365 0.379776554273397 0.368679582710888 0.40370129492056 0.359661799546109 0.374252560276879 0.40541390632967 0.390221581951692 0.319664598398331 0.375604360120844
"1126" 0.345874815610471 0.370671315220434 0.420787477686005 0.377980569468808 0.385776008712909 0.354996842914097 0.328470036831238 0.358903134543675 0.413552964213703 0.377422624033988
"1127" 0.206150214555162 0.241124170780337 0.259242820019942 0.215643335218125 0.240976899166596 0.236056795906711 0.154291368940279 0.273467917534714 0.22136139372218 0.219912861481144
"1128" 0.243459747985011 0.217294265765697 0.239426953272582 0.246106300419064 0.26355825747545 0.318917531842813 0.229503659446247 0.187485268760158 0.266171754990968 0.248612668788409
"1129" 0.198460909967866 0.1979677676214 0.212842503668775 0.241023252959448 0.198000405125607 0.256882302659718 0.238317584013023 0.182505047848254 0.203106069374708 0.192598635762749
"1130" 0.377047926907432 0.371052124985158 0.366530516301337 0.355578321411733 0.348960268076885 0.330942785616073 0.314665957116606 0.350751059219306 0.19282936624516 0.386658341585756
"1131" 0.186627333296926 0.146456118622373 0.118878136205839 0.144374210892752 0.160826805690882 0.138537183121764 0.146620974849284 0.173703865760173 0.111917320270664 0.161861927118024
"1132" 0.260973839517559 0.215924815869298 0.174272642741823 0.18134790313301 0.236995983637457 0.218623870487883 0.212318154626187 0.211137965832668 0.142015114201385 0.234983295103569
"1133" 0.277093774193477 0.29308633233884 0.240939896006096 0.181841448568228 0.291184218964035 0.257639137593881 0.199274128484431 0.246402400780779 0.223747453041507 0.308069270384078
"1134" 0.373147161825634 0.406070957517289 0.302854251327224 0.221918308770983 0.37026602795365 0.380228926324756 0.245048020816758 0.211798810903939 0.373550170184646 0.383781137751181
"1135" 0.633639062895427 0.592481731956464 0.457736384260066 0.551874413562306 0.574924454339259 0.610766703068024 0.553832452588498 0.584209142778599 0.500028498335437 0.562343322139943
"1136" 0.488324008410614 0.397488049293027 0.351564401859339 0.378289343539169 0.526588025989785 0.448373806203305 0.413350314487634 0.419998202655137 0.415221254892842 0.455232588818928
"1137" 0.292742426503939 0.262490110349994 0.294407566228905 0.264334738388088 0.204079544971799 0.31005505962276 0.257626924341396 0.275809099409163 0.24807138287809 0.229180415456426
"1138" 0.250039133792083 0.296349725394537 0.282646810794414 0.291777765404582 0.205114079632829 0.238940724208793 0.298225339179173 0.382329887143849 0.310985067772322 0.219582795511342
"1139" 0.537880786574132 0.44143187250775 0.447561366121709 0.575179324069512 0.551631009831632 0.453250908443593 0.529478568332603 0.548597270849029 0.61606033897863 0.459347506142641
"1140" 0.372864001214132 0.3826705978003 0.363646682580983 0.342721054613212 0.345107720448271 0.38557753580515 0.389745140758098 0.261768861988447 0.364974580576498 0.342616722914021
"1141" 0.302742420928648 0.260159666397735 0.292083127877401 0.296164675195785 0.326380536851293 0.344920605645163 0.304293491525065 0.240607252364227 0.279201437792855 0.31736588781099
"1142" 0.431394217072777 0.395189685780598 0.432996473213145 0.280196681183296 0.382462637558215 0.410101583278918 0.480307536852052 0.40941940807512 0.444472576150929 0.417886272220542
"1143" 0.209045724987002 0.24946280784922 0.238172601964173 0.222059241338938 0.212571778525271 0.25382726273701 0.20933556352407 0.214052860868164 0.224675756480344 0.235769177887004
"1144" 0.681252598380443 0.635574843702864 0.63795409599182 0.624108745311495 0.649265342766461 0.575780139338436 0.460924310870418 0.524705474178553 0.582719899790884 0.65107018949895
"1145" 0.570615819598845 0.573985792863408 0.613647633988049 0.624332396160101 0.57327562958184 0.501633237852456 0.520186742387243 0.506038364183844 0.643073908741307 0.562566859050265
"1146" 0.306675940104257 0.386663409432763 0.403762912872866 0.441059602770324 0.412505501598062 0.46244253663691 0.393724498415693 0.389863193260559 0.401283918244448 0.368215220698732
"1147" 0.196677532223024 0.198907822614148 0.197762816368888 0.229613287109683 0.158051300984705 0.213494814388779 0.209793300090167 0.216422700919925 0.199116398051525 0.194864173371107
"1148" 0.178707697820144 0.195509233883183 0.203901566529574 0.199286287168267 0.202746092170724 0.183201680188329 0.17390006488423 0.195287643996011 0.199547110056624 0.196392888146928
"1149" 0.657023748030776 0.508927286284917 0.559620303819246 0.509399472025802 0.452720470068503 0.508524983841066 0.491234013647906 0.465259923175729 0.487975353068839 0.404576179157652
"1150" 0.385791900262915 0.438994845559754 0.441134091916657 0.443493102166999 0.465514911830419 0.423887494513752 0.455372602734085 0.564910600666696 0.459823154792175 0.450837922197364
"1151" 0.197042817134023 0.148073943756838 0.163301682532146 0.163343149488269 0.226996470213203 0.161756082925773 0.173841939928974 0.195903894419063 0.175889970211703 0.177321153059003
"1152" 0.30973045078792 0.309374050408552 0.313015060819965 0.27881319631238 0.339055781022123 0.338929862897842 0.354037755539567 0.279452338554954 0.346653145076903 0.330816894074779
"1153" 0.211493983855555 0.206215543249181 0.213309832998444 0.215007702752954 0.216829578732538 0.261897908541956 0.228000707839045 0.205415539116648 0.310708899397365 0.184123212640949
"1154" 0.272700232128626 0.269256648777796 0.269833976392545 0.271917054744538 0.305010580583175 0.307531985626626 0.338850676610258 0.268913677078023 0.323745717398199 0.289626614689624
"1155" 0.399946797068365 0.384049710070284 0.384699381458047 0.375420812571008 0.403766770144364 0.388298342568666 0.369322904202054 0.288053059740378 0.355956814120682 0.399887987870589
"1156" 0.486332764552065 0.492615210404658 0.42464937411218 0.534941151223046 0.551761680342554 0.511863861720183 0.448128103340374 0.619724976870651 0.478620313624624 0.478158078613586
"1157" 0.446459654111841 0.333637518850607 0.347364330257821 0.371961209595727 0.330562249629007 0.491116709987435 0.343154350655861 0.498744894821263 0.330629599465171 0.364978439690182
"1158" 0.390220854703945 0.357637000738263 0.354337071852625 0.41581677619433 0.406228693868015 0.411067240586905 0.358947946548281 0.421011382579902 0.354488400102112 0.368006826542872
"1159" 0.240312290377105 0.272967636796783 0.254512578291406 0.321710130745618 0.369918239596454 0.316169751962474 0.293098914300196 0.292023894652573 0.304449259862105 0.354043750836567
"1160" 0.290126070759816 0.277715104452287 0.301197786119126 0.286100185555382 0.315665156638611 0.336469396744495 0.260428191909558 0.333481166525504 0.20667454475287 0.302098482247328
"1161" 0.41523921168363 0.453773451459771 0.458095081685213 0.502863638652653 0.475892313412202 0.423002682828074 0.451095235061865 0.46931410319821 0.445004610220774 0.34225110172369
"1162" 0.31844359850821 0.325689601101257 0.270823177647576 0.263812206297672 0.337065896259193 0.322536609389216 0.324778286799804 0.357275274097804 0.294183542001146 0.294019250543997
"1163" 0.126646591256823 0.153101178530251 0.160317106899377 0.155782192790764 0.109477426777526 0.12807984873584 0.117515715947628 0.162543743271156 0.157657396233605 0.151480423910344
"1164" 0.234199382330566 0.244012226831348 0.235836434248189 0.211581763723569 0.204945917330509 0.216707319487634 0.22479770683664 0.236683353482555 0.227418529228539 0.183036681296013
"1165" 0.240175421259897 0.263375253779915 0.227803766908624 0.228143644230186 0.241312671313777 0.268736562338022 0.265662811684651 0.210440762323166 0.253290951952037 0.192516394578668
"1166" 0.219325858753993 0.224208936171523 0.20638439649615 0.201597836734379 0.202422588602499 0.213323831585778 0.213342789652375 0.203833454530932 0.221882606392251 0.173035460250839
"1167" 0.609201659838923 0.617304956542275 0.585408784946602 0.62898772905429 0.601056515320838 0.611289458273655 0.561628097421097 0.570481419372217 0.602177196304092 0.586942364534551
"1168" 0.422311121055463 0.391156373148812 0.443323786375578 0.437639928831503 0.367663822657144 0.388750769030221 0.363341104543387 0.274017926428034 0.401894636070518 0.25166758245476
"1169" 0.334830035123694 0.245287868734808 0.274035109263243 0.369668223705868 0.286784790168961 0.321960207926449 0.425222768047955 0.286311898393171 0.29876900598453 0.200566297409852
"1170" 0.19910474917291 0.202598446073924 0.23156985178294 0.288680997507148 0.173094211782174 0.21745574916467 0.290684503363223 0.211330807016932 0.246832337422961 0.257232438073837
"1171" 0.215817846617133 0.15697514910455 0.136959090704999 0.153895619528507 0.17244371220853 0.165518850031804 0.215959722141948 0.216536568281761 0.21853137535517 0.18002872499958
"1172" 0.223210161231283 0.218729046850155 0.233044976436206 0.189574181466847 0.184758307596933 0.245923013379167 0.27879328979206 0.293362815458899 0.316142024262832 0.239803877538178
"1173" 0.214442194054255 0.150367415991953 0.204754655593687 0.191888095003302 0.202631159273561 0.181703112017245 0.167708239383312 0.25593340301406 0.203049817838562 0.236880127170914
"1174" 0.251085388226549 0.273051619257943 0.235121761812348 0.253739558920304 0.258279065235789 0.216663511659992 0.232359955856154 0.296261584552847 0.279460268760433 0.330901403655457
"1175" 0.181991306777088 0.210262118340856 0.161204846429428 0.166861252048691 0.114199497929062 0.187309484673547 0.159815765233823 0.139404168066887 0.171869069314031 0.216718448768754
"1176" 0.158072015352493 0.152431148761176 0.113316344240913 0.154248682928063 0.0882785447834549 0.127585852125512 0.108858072665581 0.126667331636116 0.117090396090568 0.207006385077516
"1177" 0.159762753903924 0.258795929862537 0.174335289317875 0.106305460464916 0.184543524346758 0.206641041279043 0.194669415933702 0.221088713675132 0.23454804239861 0.309908199364486
"1178" 0.130483443476724 0.147801351291029 0.131544471585299 0.0951202368089097 0.127882670073808 0.142629076444124 0.143260843067456 0.168023095149308 0.157885040484566 0.231516637931407
"1179" 0.367965842409046 0.400337722128738 0.382910430813896 0.317548135848414 0.403164157861251 0.356884955818947 0.391923064325478 0.386900047699023 0.41742907630685 0.431381748174339
"1180" 0.351051498215523 0.333670510974943 0.306405219760588 0.313445449024611 0.285114220703103 0.273031752342955 0.319223364416529 0.321262808754452 0.270906552734854 0.260092640857711
"1181" 0.293046200749293 0.306673024313404 0.290066857381469 0.301162234885128 0.247211592798053 0.231401266834181 0.277544823408919 0.30451309320405 0.246056777567659 0.23394204582995
"1182" 0.230375711845905 0.202706754304491 0.214012868184089 0.27083279565427 0.232570200133828 0.186357153312578 0.248894899344206 0.209239329319927 0.261307377844548 0.248628788710701
"1183" 0.382035050709403 0.386219986675626 0.328557448008036 0.304433150077156 0.286076434076737 0.322692333303167 0.36298582650374 0.339800140177581 0.327172624511985 0.351037528907942
"1184" 0.48591058258589 0.376676179253448 0.487223363873261 0.40019883599046 0.417463934342513 0.500995841570546 0.531731637804862 0.508571185215758 0.475521436491695 0.473405314779934
"1185" 0.223802467024084 0.182319748545297 0.194502421782513 0.175283307896956 0.181021102845476 0.215048028306945 0.226852128377036 0.186030736064246 0.214391508341734 0.177229706971925
"1186" 0.252170480429065 0.283990123688457 0.316872690635985 0.244610532462701 0.310843085789562 0.331847161324085 0.303916001299211 0.288941961237481 0.309925614954969 0.23351135644824
"1187" 0.248075976510403 0.280302174736001 0.268100152891827 0.259650736164445 0.274900763010401 0.283754161639388 0.27633202603199 0.219792359033607 0.180648628109535 0.226728483150064
"1188" 0.293910959488548 0.275405025251404 0.280097212983022 0.303626517811265 0.276809138899564 0.260527608146306 0.23524666910983 0.247317907894987 0.218816005106486 0.252412995721702
"1189" 0.446669408758161 0.494959239236486 0.356290140090756 0.521908558319142 0.479887969171982 0.39428697290027 0.40186914507711 0.383030297765416 0.366722404108064 0.437055914030674
"1190" 0.190719127530527 0.225359233936125 0.12472751247103 0.201213633176169 0.288627565758865 0.242109069708696 0.178526900414392 0.186114710764296 0.171728124241076 0.19344542268422
"1191" 0.234210752950666 0.276878641481263 0.313961915863108 0.222293925985295 0.206003592468064 0.282324898062467 0.252378808633594 0.267146718898974 0.213913035645504 0.210924169505671
"1192" 0.381304864585294 0.376735693842863 0.433738515919142 0.402322245561393 0.37431241665246 0.483245492092353 0.486121785510039 0.390366015141987 0.422515169461118 0.423725485069907
"1193" 0.159584947188008 0.228504868338498 0.191564717790745 0.19683929662374 0.178998830359554 0.211272808526088 0.2337106215253 0.173348698066817 0.199462203622187 0.188595485817853
"1194" 0.177257272241726 0.200814956326384 0.210940789013115 0.188325854127917 0.20203455363704 0.233402429523629 0.238671024319872 0.182477909388715 0.191214323862589 0.22061472599382
"1195" 0.18598363641809 0.210959549689399 0.227786095619374 0.185818894712545 0.211040654310694 0.250217298381719 0.229957339393687 0.195371212049081 0.211516148437182 0.215241682582907
"1196" 0.221491705845653 0.185166350123349 0.235602986703505 0.216308835546499 0.166757228936676 0.228682831891629 0.237078292043189 0.240342293940921 0.205963590492966 0.183740716173701
"1197" 0.316234877505292 0.443902525563856 0.359088499136791 0.387218379009344 0.423366134297594 0.4012461785215 0.438128447029372 0.529050362899643 0.344367197403153 0.420747383100268
"1198" 0.225715318194979 0.289194757412649 0.176831537953896 0.238356317034499 0.251129228591567 0.261402402315961 0.291658060715333 0.284060504862579 0.202378232812729 0.230175059914899
"1199" 0.324751279479434 0.46326855952989 0.28798604890828 0.384815145838085 0.447081873003333 0.389559515403337 0.385186828996637 0.48470933841281 0.326261078848085 0.415195433069957
"1200" 0.155275225362042 0.153359102943438 0.158364297836643 0.115516951450993 0.136792034679013 0.132139560510281 0.14639252703803 0.189102898599139 0.142826871072231 0.138211490689413
"1201" 0.533288350333121 0.620776047981318 0.556449366856643 0.578681498062241 0.557572890513144 0.535036914093049 0.5818671822337 0.375197101451884 0.481882834223461 0.597775321433553
"1202" 0.168141348453403 0.187388100895947 0.208374840586557 0.153205173371205 0.19239375137142 0.200630190071395 0.201676237640048 0.139766020823247 0.157568497720281 0.183522567038962
"1203" 0.401394491992054 0.406872523276048 0.335137059403578 0.356529249949585 0.42571803299761 0.372243582277193 0.368459386548079 0.396006209385777 0.319570244025691 0.380069037288501
"1204" 0.284859254350287 0.331666243499662 0.264364753068238 0.290080341787085 0.308404860416003 0.198059760526651 0.346060239780329 0.31066642908568 0.33413734447877 0.284650253963427
"1205" 0.444792744239599 0.417912840685885 0.341612578068961 0.377115406931255 0.359152509435975 0.374452402047268 0.368957158906686 0.410801665948014 0.378756848469324 0.454689194117368
"1206" 0.402215798394905 0.296717197632833 0.270415160807372 0.328299105463349 0.230379412876235 0.305818194574809 0.282076303848359 0.265313617617147 0.268189190500842 0.311250555547309
"1207" 0.398544776581472 0.317808296606642 0.403282800768329 0.406337836817077 0.35203115156374 0.395292808362612 0.335463265211551 0.463373981699103 0.401906454296242 0.445238687957239
"1208" 0.562765985141263 0.581231103196709 0.653640974327872 0.579417428504657 0.518262130093486 0.607843973643308 0.546550959775793 0.619475877373047 0.597136419070094 0.613632675261403
"1209" 0.551940795392808 0.391875070247235 0.453258497162457 0.294397381594427 0.506647115585093 0.492120866266391 0.59287963974578 0.591515070274035 0.428828177607875 0.489271737028
"1210" 0.330804243761089 0.31199784843733 0.328731841065547 0.2933578990261 0.298970851348896 0.272839631211034 0.290504960637056 0.2830441103626 0.346106290997151 0.362552016521845
"1211" 0.389094526303292 0.349401247612701 0.403818605076859 0.354152608914326 0.375263905502826 0.339163335436905 0.339449972909549 0.286289018901026 0.338369224836195 0.387745413488772
"1212" 0.162405324022781 0.207667733901808 0.221686824544359 0.190292774465874 0.174536481910931 0.160700737398708 0.208526160096335 0.203932698478423 0.228283780733183 0.185951693155768
"1213" 0.368982144339576 0.385991650543851 0.434000955277789 0.359296087105847 0.376813735535139 0.361909491155954 0.342380674805006 0.401151212532688 0.341171017128045 0.390693760043968
"1214" 0.429821584127559 0.405925732698009 0.379386472931919 0.412044844411957 0.370444578679754 0.431403050796136 0.397285499355617 0.567065359586749 0.385032952423849 0.365326852795199
"1215" 0.181607678770881 0.212005566886606 0.185667644083261 0.214494478955671 0.219035466993458 0.266811497721321 0.161808056513695 0.205699324799316 0.233231703528584 0.167338057885817
"1216" 0.233839874578615 0.265152176062795 0.246016103247717 0.267508991823546 0.258402669244569 0.212094847348794 0.269551343344215 0.234944469464426 0.228514261580476 0.265630971071484
"1217" 0.467788459082585 0.373029841796727 0.484037152849552 0.471430658307722 0.40764590506283 0.396737675059894 0.356434385340602 0.470487951376697 0.45041758479766 0.394356431130157
"1218" 0.326396920258768 0.246869822939352 0.248100567848116 0.203172247322319 0.260860117287378 0.245344998702978 0.254418612597471 0.212025595244964 0.308458170184661 0.243754113030786
"1219" 0.420680217028361 0.414441946907336 0.407792120229524 0.375499220795778 0.33461390978178 0.335820148472461 0.337078750451978 0.300462284664894 0.349274975061804 0.363907479405043
"1220" 0.572457376038659 0.503427142606299 0.568940769867001 0.549050610389409 0.517176221251159 0.531304633219666 0.467474509823788 0.480523740251603 0.5153383771197 0.388414465100674
"1221" 0.388619827094702 0.393476353474438 0.430830718369629 0.435272389631623 0.346879457638139 0.407420533895293 0.290469723328443 0.376518852043227 0.396501455408189 0.4577647531628
"1222" 0.38028177065211 0.465981203662394 0.37184153599517 0.310615220273494 0.307144097264743 0.291431138463735 0.372551376034607 0.368480504724111 0.363992599923939 0.244690775596851
"1223" 0.330291988489921 0.281868015311937 0.355692277662419 0.316405707624778 0.369686834775029 0.347128219179418 0.323099709664017 0.227581391391498 0.312561459692321 0.324433664994708
"1224" 0.586154765110565 0.607359754854642 0.442016834801289 0.52794860783465 0.645908797868458 0.563384041215915 0.549041939598127 0.587855831885437 0.419106350971915 0.552168609941672
"1225" 0.352694976015323 0.194222566744863 0.251519334567595 0.225184633220371 0.302048965846447 0.238140894345624 0.262817220770284 0.237136731188213 0.201482531744222 0.307121802605005
"1226" 0.282914748669473 0.265017944541114 0.258838860209792 0.253082832254697 0.259177834231681 0.228706365440618 0.264137075115038 0.192287959483103 0.265977010530656 0.265395065174486
"1227" 0.3204272636533 0.240665583903427 0.277213760018003 0.324167894985369 0.259917856488984 0.285396654503435 0.295350312274919 0.252418448946674 0.306370554473985 0.284041708016895
"1228" 0.291598623690946 0.237120856909952 0.28609789639093 0.286225557532814 0.304673564584527 0.289451345775746 0.224132962611556 0.273062612679428 0.322447024275512 0.312671848082933
"1229" 0.328615179738569 0.33988902255606 0.378151872296771 0.364978633910953 0.367977769045704 0.368917496992979 0.413378239725255 0.34832699954415 0.339266302091454 0.39346455151169
"1230" 0.454637495649228 0.47458892768454 0.393816889098207 0.38875570861883 0.450994319319729 0.442599866237019 0.57297759090907 0.456929243543236 0.446049210042051 0.406814302192873
"1231" 0.324480742694237 0.362052611176483 0.319173931012674 0.32153830164232 0.326579720144538 0.323873635636839 0.281654314293092 0.367896326542452 0.367709689695299 0.409837452880606
"1232" 0.475476943161131 0.467119710473969 0.345497544133982 0.420545453784961 0.348253422185861 0.478231434995677 0.487160853250014 0.39968823647707 0.522212662506638 0.551501229495982
"1233" 0.18765767397266 0.268990210300966 0.181091053604247 0.16756106139713 0.139004822578468 0.278901106464911 0.268140672105665 0.179240095891828 0.252955424276558 0.234430845339254
"1234" 0.193161223254815 0.279197108957865 0.18281569223808 0.170689126932981 0.146119247436802 0.264092048602925 0.302763968165029 0.166262507388888 0.247865589676579 0.251516448146712
"1235" 0.177506694229297 0.315281447916571 0.194949908219999 0.211022760580361 0.147957817968876 0.247679140676704 0.251813453251068 0.200577946014326 0.322477864602865 0.255994799520674
"1236" 0.196967605067219 0.190315117209553 0.229726511318603 0.179067676171486 0.185159108349087 0.186470438267648 0.248898524576506 0.1681921714542 0.244097903695055 0.218374411961493
"1237" 0.328432876832002 0.352435411325565 0.319168390635796 0.34175280508761 0.393891593645777 0.3803173020033 0.3490622184749 0.307943727991631 0.3891748265339 0.309440154686933
"1238" 0.293809876417769 0.280395830488183 0.281315891390223 0.31382042051828 0.350995500633099 0.281321486369575 0.32714192624864 0.276691613676851 0.268846055753196 0.255873266330662
"1239" 0.468231512318829 0.421856545729118 0.372945572451598 0.459124141146464 0.474537457051664 0.478951324048944 0.474959734298043 0.482097804827006 0.428545086537695 0.322014668654192
"1240" 0.274209142643709 0.300445099078335 0.383940988679945 0.292286582518579 0.377768088550143 0.288946768669214 0.345167998590341 0.299359256146026 0.304321708491169 0.324742381213886
"1241" 0.402898360795208 0.400883266286208 0.335833717144582 0.446914047197959 0.365962679880648 0.381421007753818 0.425734311602909 0.439588964583648 0.382685358610427 0.297457083310405
"1242" 0.526828427002859 0.481509847776488 0.553484947615251 0.520886874392828 0.498659148519097 0.559454110043905 0.523641258134892 0.539576347760455 0.524853905019289 0.566846924224587
"1243" 0.244358517093256 0.199198058808118 0.214724682089033 0.203128420742947 0.28129602903982 0.217806668298572 0.210564811524679 0.216096705551148 0.19678936676901 0.210206528215557
"1244" 0.360711328399846 0.415518530303754 0.353564210026571 0.399742299277595 0.375071542615077 0.292546493330354 0.230757164638813 0.345178400990667 0.375334594077093 0.373080126327017
"1245" 0.35315997490844 0.331079622967622 0.269017190041289 0.333679530337492 0.310209990995694 0.315593455727428 0.399927405346421 0.286121524561295 0.366935975173217 0.28395183966969
"1246" 0.295677019341989 0.302732386044432 0.320978898353515 0.314593121917658 0.294851888453977 0.306506874272687 0.347510889804058 0.32835887005708 0.294536805556964 0.27729108699074
"1247" 0.19425682944028 0.232071186300623 0.240003206830593 0.259314228492594 0.223715474933302 0.229549924407007 0.281373990429908 0.244391088982278 0.214652693477582 0.159857598252945
"1248" 0.436853877535339 0.41311155275953 0.397831587776956 0.420927067577219 0.448790609220268 0.47697811694778 0.442675798864598 0.42787620905332 0.345695180649175 0.378238098114521
"1249" 0.34663765364196 0.355587250322411 0.308660635775686 0.370863625119928 0.329182041486163 0.330737034763177 0.287811639833155 0.306741387160706 0.25050733243273 0.263808011036536
"1250" 0.398780468156357 0.503923844108922 0.40755231653247 0.345228585782318 0.435199441563592 0.399552604012389 0.395475443121453 0.402461423399029 0.214950525831688 0.360961463280431
"1251" 0.259094916073344 0.265332994172498 0.211464711984539 0.306959034583612 0.317341906389353 0.23533302154773 0.254690634927892 0.226518888124315 0.266800215274306 0.258245509371333
"1252" 0.520651660384791 0.533679807682787 0.474968232058834 0.460484592764328 0.440852790993032 0.491957479750092 0.409688568709966 0.537643008391109 0.275021588029658 0.486297219814238
"1253" 0.380951015934401 0.479429500629351 0.431540978215793 0.41679376950755 0.378462735085238 0.399488065098066 0.363990802998242 0.353445376104649 0.268055691182367 0.377249199109681
"1254" 0.406331756936401 0.386189277162041 0.490285473125124 0.359698931552493 0.462916359842031 0.350504798302996 0.433401134103849 0.38585961561727 0.394015389996539 0.397709133389406
"1255" 0.23078725480612 0.321236423412992 0.262113140765182 0.238642857023769 0.2453670067786 0.285008812569588 0.241193789795161 0.219464739068708 0.289076191221236 0.248471798948007
"1256" 0.275095095438758 0.377503796607787 0.405290174700842 0.318741311249002 0.387902913726206 0.445031164120003 0.353889910384283 0.147781366546091 0.360353554541646 0.253810985101613
"1257" 0.204379560602651 0.270114336349789 0.264346882487159 0.234553947303034 0.253072948736235 0.261330051131349 0.24296321947349 0.221033467770447 0.241396867048736 0.224816899894425
"1258" 0.187409783414486 0.281438606043131 0.262113140765182 0.209777667616977 0.236436781310808 0.260993142614103 0.202973576258761 0.174826221808747 0.274398772909206 0.213731554159944
"1259" 0.340256325988672 0.27655511073304 0.29563865541776 0.323985137860563 0.375392017897771 0.302357561675835 0.277840050537807 0.295851529570985 0.355632699799261 0.326396897797797
"1260" 0.477018769504223 0.515329558564481 0.528330718646615 0.450924998996175 0.486965911221353 0.582416593797893 0.498661148422228 0.519922610877009 0.487190984512836 0.540963797708554
"1261" 0.221932986089997 0.229846226521534 0.30624796480283 0.370971960329909 0.317719192458354 0.246761423604452 0.2976818262671 0.333822015763273 0.352072932035599 0.304034421922869
"1262" 0.278964657667133 0.272917537078725 0.299625698702049 0.313788257254213 0.30792170924217 0.237049689275353 0.220585606191912 0.187889999526377 0.238647634399845 0.30251044482147
"1263" 0.378876061811597 0.331391165537076 0.486751223240947 0.381209781862653 0.412104350116352 0.328014388824302 0.394987686859792 0.303622906077093 0.357720904291663 0.378563325723904
"1264" 0.323567943074552 0.249379107491437 0.302871940675778 0.312300459968844 0.359813203224946 0.266163493016621 0.38921661418166 0.310732662156745 0.378603536212713 0.31445681304318
"1265" 0.354462175087822 0.305039088849727 0.288434992248462 0.329720556372243 0.341624034886998 0.360288847168452 0.402251052299101 0.322419673136072 0.288082017453647 0.315034414473208
"1266" 0.39189240668037 0.315861377146259 0.301312770026239 0.361896542421914 0.385944394969384 0.387009813727053 0.401706568581513 0.343732635224102 0.306061906704279 0.347937072607291
"1267" 0.473827880983453 0.442898337380573 0.518753403887497 0.530173748727754 0.462536988171753 0.497543176145664 0.505233531658577 0.435012171419799 0.467962251382939 0.513655010585246
"1268" 0.284630793796677 0.288487542526548 0.268758956558159 0.242178791321167 0.320310318753866 0.269994629341243 0.258434252448665 0.230949666337212 0.296338101550541 0.325333545770004
"1269" 0.239059656963953 0.259957551852187 0.23388057154448 0.224022046336475 0.287698489395702 0.250511795608216 0.220608905952154 0.191015408801453 0.25839192350088 0.262077497641787
"1270" 0.283110287814585 0.2563684949075 0.268872900055746 0.249609969117991 0.297564430625009 0.256145233810895 0.267375764878935 0.215728142433057 0.267832003543623 0.31091841951661
"1271" 0.444323741022572 0.225594325160773 0.401565680491918 0.313629839646201 0.35855391961212 0.255044951717227 0.295430194354767 0.310630081459731 0.353927544371634 0.37682382715313
"1272" 0.266012777728787 0.238023946549652 0.271526128951947 0.317593927141316 0.264689936191048 0.245659900213895 0.259363625942639 0.262585700974223 0.303679447227096 0.250296675766142
"1273" 0.274417771117587 0.256408432565712 0.341369025587653 0.346213462544918 0.323569101845608 0.294837494641361 0.326511098454414 0.385902926779477 0.364835573679975 0.38287702215644
"1274" 0.405787519089068 0.424568596883391 0.442497649118859 0.443274464446708 0.415390241011992 0.456968840554124 0.484405213603265 0.468826414247571 0.493839211535907 0.525762226101868
"1275" 0.225245292803916 0.182115857684885 0.2474267576062 0.318670626296918 0.187146960885194 0.168163070166255 0.19761055769307 0.157063937463151 0.254556737712711 0.232046427330123
"1276" 0.171696757346645 0.208970798815802 0.208356277933788 0.208399696643912 0.201177538394677 0.217604018404256 0.227227663325778 0.192524806041922 0.198350099864274 0.181053171748423
"1277" 0.187622548669908 0.211035080933396 0.212373835217133 0.229154715111572 0.216897012429284 0.22123445818878 0.237333433091504 0.143140238857803 0.178948017459558 0.165673682157924
"1278" 0.329112369654394 0.320483636465911 0.279073950971411 0.270693182706504 0.287592797832172 0.318229291737265 0.357720637067944 0.306310613906235 0.286912693239677 0.230344526006457
"1279" 0.281923199531616 0.339276078309232 0.284043356375322 0.343479634899488 0.352574670728774 0.351948444029961 0.415171976964884 0.320236244576812 0.350894711798166 0.255096613013105
"1280" 0.246863337659519 0.286051365266728 0.240787225361457 0.254291151914763 0.258532237805573 0.272688690189152 0.297401790871318 0.280500169108509 0.230723922422735 0.252440461082865
"1281" 0.30292312784276 0.25826712707028 0.296341782769416 0.277276566388228 0.293127401571859 0.236439842679727 0.260863578733947 0.248355435592102 0.269727697613553 0.285310065939107
"1282" 0.307934238953872 0.269403891776162 0.309553662543815 0.281884829100092 0.314302665673631 0.240425556965442 0.279884286167199 0.25944774328441 0.274536469543378 0.292825375953273
"1283" 0.417773366298821 0.43816575148627 0.404831792243655 0.393087797282541 0.462490246683948 0.45934608336433 0.48911141019916 0.519566143616838 0.362311145599785 0.417699080465564
"1284" 0.280071990843636 0.269243922239945 0.242504172967099 0.263670685850875 0.273744620074519 0.237879494542356 0.223513928799591 0.258842106747231 0.214694465054113 0.239046517166605
"1285" 0.378353839154305 0.343303179833419 0.331140543334698 0.346889792934005 0.359105873276225 0.351828397897615 0.325198492193703 0.319686069318631 0.378179614769009 0.371237238336224
"1286" 0.300208494980668 0.218836488010341 0.226579756501311 0.282932559416335 0.255227583091985 0.225218707425638 0.182576402338107 0.253627365596102 0.244463400216677 0.21325347020264
"1287" 0.290147464057499 0.232783716941853 0.246185298072835 0.264296398176701 0.21763606960845 0.2168199643446 0.20027527803301 0.206901313050746 0.272578669339871 0.246173709004576
"1288" 0.545505858634471 0.429627348516467 0.490799866054711 0.541352403313818 0.492192155207458 0.711879651742957 0.380703004536287 0.371483918813008 0.657070687186808 0.536210467570107
"1289" 0.341979162664172 0.280108903063537 0.364946314635294 0.34858964209974 0.332686592084874 0.297569614335561 0.276643804651321 0.261369166646381 0.336726291070111 0.337155483347795
"1290" 0.386591255556335 0.30642794504218 0.396342199069205 0.382040466196468 0.332472740074075 0.325040617108611 0.327365094765832 0.341179169942223 0.304858378949886 0.385746540277427
"1291" 0.333984412185033 0.348848755624378 0.34148114524264 0.326013559924334 0.297146522438234 0.281840073401844 0.328806745942454 0.322305799462105 0.270331879612571 0.362352559128909
"1292" 0.639032229725874 0.573269054283284 0.606716653101483 0.350362901743628 0.583910507663875 0.656333452770032 0.535696855040426 0.550567385149119 0.615862528792313 0.5592190778374
"1293" 0.216124375558158 0.222397073875429 0.156304241114393 0.166736080628274 0.154338789622763 0.164088218981283 0.159050800535801 0.174567758466033 0.144348033889364 0.165785695071733
"1294" 0.239991917363505 0.223568063612058 0.152242832543299 0.153909136095371 0.169915595679763 0.16950326491635 0.162740934432912 0.197145243915642 0.156035252827976 0.152349023499118
"1295" 0.299275875765497 0.259566491447087 0.235622973015238 0.14694423723626 0.210737095829346 0.225618725136691 0.222476166980663 0.203898247458387 0.182116303038657 0.209823607037009
"1296" 0.321900193356476 0.375498564842197 0.443533948835757 0.27216365495763 0.315745418136768 0.408645593685509 0.419082219285583 0.339933769222737 0.356012498314659 0.370832424354426
"1297" 0.267425677626667 0.208678054525038 0.329314097148735 0.291148872916017 0.304719105473714 0.366797768639886 0.33150075157042 0.305614779147961 0.290339035860097 0.298250281929476
"1298" 0.490913095546336 0.42692871831988 0.356468862279572 0.366450439363555 0.467640782606754 0.505437637589245 0.366705375340979 0.532638436163642 0.430965456421639 0.437164290956087
"1299" 0.258573253162749 0.249195812450899 0.334427647421023 0.244193558608488 0.186577039549009 0.252141376768101 0.243676747990865 0.27507835682299 0.238655356499836 0.277495548007825
"1300" 0.269454329925981 0.292351394959 0.362508777778471 0.244990569127608 0.206223271592351 0.237189318104154 0.263503425008574 0.224710575415179 0.224457603127568 0.207331244297893
"1301" 0.284236758112069 0.273674356145956 0.192828365109096 0.301041792656811 0.262039369091591 0.300270630330987 0.260743462164839 0.269241503405554 0.255437417206246 0.186436740726492
"1302" 0.289770013575793 0.259586627849276 0.190728691582381 0.264519670243036 0.241366387285717 0.267012557578566 0.245897170113197 0.28783251494472 0.259451201006184 0.210654560017416
"1303" 0.46988582554708 0.577350372593351 0.558576395983372 0.563973911160005 0.641007986121741 0.570260282705214 0.572833600812611 0.539123572145097 0.485049671507686 0.64997999549786
"1304" 0.180593973537831 0.165907908217467 0.168708061287566 0.148302963369032 0.173584571273236 0.161703201308985 0.19298623099777 0.172198473020998 0.151453681865885 0.173346242962907
"1305" 0.316724208443963 0.257027210723745 0.240416820407649 0.258266701603794 0.245053801038909 0.223962224259395 0.274085244570773 0.185935065708353 0.268669568344676 0.248300167945987
"1306" 0.362843543860584 0.285522264676189 0.301239223146697 0.331739123286684 0.31626052504091 0.341758633909385 0.296702464949319 0.299959361794736 0.334565133192896 0.33437170127636
"1307" 0.554260285497438 0.52239051345616 0.550131178523833 0.532689610219963 0.52358723910837 0.529356783336572 0.501431377309683 0.571416332763445 0.452314268927712 0.605714882089988
"1308" 0.354446375179745 0.363711716608637 0.390195175878856 0.338478728854645 0.336026372697519 0.367573146306267 0.401575499568371 0.400239752131876 0.341395277554274 0.426360534160762
"1309" 0.307870817637203 0.438190790656833 0.470934052217529 0.446160340523235 0.481364429231526 0.514201707823419 0.524653993308135 0.491659370423654 0.498421838918988 0.611958996901657
"1310" 0.426451212219771 0.429978113388237 0.458976814024481 0.403829107010828 0.371570738229842 0.404110031278005 0.40649934450512 0.431402108293046 0.404067795365514 0.493971709166495
"1311" 0.443330298104626 0.695030251117468 0.508010864068764 0.602554114888485 0.631084238189684 0.57199043438967 0.453905916477559 0.532611535781093 0.503851238871696 0.35798106430526
"1312" 0.333675507284071 0.24167546607711 0.303613430093839 0.195426747296701 0.202848654497043 0.246363538247186 0.284601582082445 0.219583570719489 0.284077288422103 0.27862509589036
"1313" 0.280893531656262 0.239907152955936 0.32384456101699 0.234991881707528 0.201699861025449 0.261577857535889 0.302169352413859 0.306528560896141 0.324110080017382 0.243238997459089
"1314" 0.315621290290516 0.184059850482381 0.24210475436949 0.153059253979457 0.163200619110538 0.223089962982691 0.296605059195387 0.217516798881889 0.241256834241861 0.273975113477402
"1315" 0.454750547193027 0.510972806431334 0.375197571571922 0.463498859796818 0.446805849033146 0.46296300095213 0.492712641912619 0.415371599099912 0.506641083321987 0.457621636843393
"1316" 0.254788075550105 0.31296548582933 0.330306079166918 0.251023675156934 0.398301395630792 0.234147138967895 0.328157754310283 0.349835191401339 0.36694586100334 0.259691617217336
"1317" 0.339240474789502 0.31618447963717 0.293269645131925 0.384620473949451 0.337280963416165 0.176958855218197 0.285777431932248 0.33262507845676 0.351684674336946 0.374055327507051
"1318" 0.343833908194649 0.323423064449979 0.319312893661235 0.357687147080704 0.37182475831874 0.476729101372879 0.429881462693306 0.483602327287263 0.306223689239058 0.41553496117632
"1319" 0.266106040700897 0.250312982164384 0.289548703992146 0.300471661599205 0.223396094378356 0.333456475180097 0.248009990268795 0.307573088308185 0.246486921318261 0.231156850721743
"1320" 0.565257630361261 0.485085349443761 0.468389839743038 0.506159606992831 0.488635445556512 0.602250001512624 0.569131360391527 0.46952791246584 0.539654131427283 0.544960252843408
"1321" 0.318961738528895 0.238549200505958 0.275082682041756 0.297586271808201 0.265229949309274 0.287249913258378 0.226139403916031 0.212108729038473 0.265962025471844 0.226252314241615
"1322" 0.284096500005639 0.360794344347864 0.334232773347804 0.347039402968934 0.308094576761592 0.331889149011398 0.300410686124326 0.337076559691885 0.272730335033175 0.311418376534898
"1323" 0.140622480245253 0.139862366838396 0.141370263065597 0.151775733321147 0.138024003309295 0.145307829864367 0.112515305204049 0.131975064702319 0.119972792706918 0.127226629489957
"1324" 0.217239302049659 0.219748374317708 0.240632609336561 0.195463907270066 0.204057059536014 0.237614014273789 0.241501832818596 0.175190487420568 0.182846282527407 0.208938510164548
"1325" 0.553038261671929 0.5095884382557 0.537688136224761 0.497967013757413 0.592514135430214 0.576637853353786 0.558041940137826 0.441018746502045 0.385063325256077 0.507561725839845
"1326" 0.297297367261087 0.287423489044307 0.16235403158139 0.267553721057887 0.206991213697407 0.274760755196994 0.34160291040428 0.29148067491827 0.272121661222381 0.256024936248903
"1327" 0.244011010211705 0.23843990685775 0.201227832940341 0.234771909161156 0.207199246767536 0.217974735358186 0.254452368245147 0.181864852400698 0.236069471054415 0.207312918971723
"1328" 0.17266936054196 0.208166572444206 0.166338252608173 0.214330729354093 0.17826412478603 0.18154304053484 0.199359225592695 0.18888960561206 0.20067429151165 0.16173050057241
"1329" 0.433261158137464 0.515345166193442 0.411761728267081 0.368920297424017 0.293469452156537 0.409069490525167 0.364542307694324 0.32115260567048 0.348399108157255 0.387426734019302
"1330" 0.324296699817134 0.406721226525384 0.42246566670148 0.282603426318987 0.234180722567578 0.289222521713791 0.33918327586471 0.394757497277984 0.362018445302795 0.364691938664566
"1331" 0.303394270221031 0.363459051822782 0.398773767448094 0.268287814130706 0.244156610800115 0.300342758592117 0.363715799490602 0.345390996164047 0.357481796968805 0.381987610437727
"1332" 0.35813163445036 0.382651544430182 0.29192932352381 0.260335677235063 0.253939448950622 0.445481339597675 0.271987218168665 0.394743987811358 0.337654671151627 0.321372593386637
"1333" 0.296930609220197 0.311974320753581 0.307071840903104 0.201532953161891 0.173773668814138 0.377453014621324 0.278250016481389 0.338167963397643 0.319728473482159 0.288922110156002
"1334" 0.159679943755229 0.233613376055158 0.24419054903272 0.180409681698353 0.207956675084152 0.188651103525791 0.186287598301981 0.190442933347721 0.185981865330459 0.160864152884602
"1335" 0.434473605809886 0.464633322953046 0.419915211338377 0.607796885651412 0.478059562655049 0.445167947142958 0.399567002183722 0.512260758201587 0.39662916079634 0.443532118200238
"1336" 0.235467282148928 0.259230269586925 0.204014413276251 0.211816181164503 0.232785445087592 0.238142182459663 0.265122178027096 0.232310038753249 0.203537903561131 0.205520700800584
"1337" 0.674593752218663 0.634566922051187 0.557587318494469 0.597072986650163 0.64232119515108 0.680135304726856 0.708019417796964 0.629146487221831 0.625375468464644 0.634108000473017
"1338" 0.362975168298976 0.446320694749589 0.387972792014944 0.344997417408017 0.440006940294614 0.477168751364366 0.467440616241107 0.426394490182885 0.35943405722928 0.485319724069462
"1339" 0.273841477060635 0.25422351435235 0.275457441112474 0.217765802807107 0.279289033385326 0.281511557110633 0.161643466847509 0.291823436924535 0.260976763480348 0.337891451194458
"1340" 0.458022653664254 0.474990475265187 0.585725182946361 0.45859812337674 0.537024046279898 0.412002714194731 0.435596230240464 0.473749509913958 0.534963050274669 0.551049655944416
"1341" 0.351722567560944 0.444177759143118 0.37198415101863 0.45641767584031 0.372895591196634 0.42315220079208 0.491582257563429 0.411736712549039 0.521462819764383 0.494682623214011
"1342" 0.298660140260513 0.276198477771178 0.288715399029209 0.416286124397663 0.300789884363308 0.412378186628186 0.34466185904403 0.326492532234916 0.357145917078267 0.368202541215161
"1343" 0.203488350291923 0.210543405388476 0.165424451692156 0.17191100296155 0.18935292514565 0.182158236361133 0.217115080980312 0.197170376388211 0.214422649311434 0.208880832739449
"1344" 0.215454292701731 0.194709078793505 0.21018035072604 0.14377072589557 0.249144638839968 0.148303733823763 0.195666477399174 0.210181842039142 0.199293176657791 0.193341017486339
"1345" 0.208134169303535 0.197241192926299 0.220045954292363 0.145865963990808 0.239728163932817 0.159203001223031 0.192056012774809 0.215199686762258 0.191670102251207 0.195008147887456
"1346" 0.22362598724133 0.379393634937379 0.380464467465062 0.394288085607079 0.393983086174519 0.25659252571862 0.275181690387955 0.361837093659917 0.399477280733211 0.350743676546339
"1347" 0.361580922542154 0.41320942341015 0.345378293883717 0.173330631222235 0.281698491336895 0.348380909313906 0.388442937343572 0.431810807539193 0.269530975912956 0.374504217788561
"1348" 0.188205679452874 0.229481479828415 0.157256151424103 0.226181133511797 0.227539572849313 0.159655942111439 0.215966042871893 0.173990901326304 0.174591973284901 0.259002416209615
"1349" 0.236555447348188 0.253978938329215 0.206830328170621 0.330468871022216 0.311647360079818 0.18141480519832 0.356161240422508 0.20437072465999 0.282248427548071 0.375930041565065
"1350" 0.161658641708139 0.18852171605282 0.120263180981409 0.143465481371968 0.147426386368537 0.126625493272234 0.132570286945503 0.112962223200384 0.113054435175778 0.198882309605381
"1351" 0.356403408642547 0.329197276388771 0.355290736266432 0.370615806330159 0.337367132938926 0.3283144127633 0.389867204826318 0.387369824307467 0.320474577264021 0.418339005556648
"1352" 0.170246603849774 0.107479093623115 0.0917440355530762 0.124664896321439 0.131846002814078 0.133292187440704 0.162967455274447 0.143740862320343 0.101333714670074 0.187566493371177
"1353" 0.179384420026458 0.114872985465339 0.0986532130094832 0.108033049729632 0.08267928291308 0.0862672817639339 0.124200588799589 0.1117656075736 0.11821275812258 0.107034176154423
"1354" 0.320025077061106 0.471948242571269 0.47003481548538 0.427635804688319 0.436983123787427 0.470825750021209 0.356042421872251 0.506049664229452 0.413293187134958 0.388381377921703
"1355" 0.215649712120155 0.241036328880487 0.277908820775875 0.27564989518632 0.308838928872586 0.277623803463674 0.18521493091632 0.301365669156613 0.3244224384763 0.306848014025918
"1356" 0.15225827376435 0.246225812795119 0.225408427699961 0.207845492088894 0.216480301820916 0.186881509018967 0.172886906804369 0.221167375944881 0.187701420433494 0.185579000718919
"1357" 0.186166497916864 0.232655113156334 0.229830670542485 0.209952126157583 0.272614119017767 0.229176866344605 0.170130488044988 0.239402037493439 0.228568800406484 0.216818103050402
"1358" 0.175697947236479 0.187396959516299 0.213180460719789 0.187534199113504 0.229976551287494 0.210055808036787 0.154134744588079 0.177019144116983 0.244868826752871 0.261506068735159
"1359" 0.359261977056363 0.278806114410728 0.36568635302443 0.369108849467402 0.342408931715362 0.291549127533531 0.321264698721008 0.378695597382381 0.366676689990408 0.397239683240643
"1360" 0.215947249168092 0.189265000046823 0.235232335162768 0.266198515775329 0.256553782444045 0.225148084616466 0.230646397165984 0.247080867896821 0.257156876904112 0.252312696151586
"1361" 0.301239687093054 0.238106850408152 0.312797492814337 0.280728476196623 0.347123428928043 0.266120264714494 0.29166158057951 0.174153074894999 0.23503429583653 0.194425002955547
"1362" 0.295082417868654 0.22958684605733 0.288075443735983 0.283737201461177 0.325494820340003 0.247017649128083 0.275275045919044 0.178696485341258 0.240298840901076 0.194068577470155
"1363" 0.172694916576049 0.187512973930987 0.232684825398365 0.143044664373436 0.130441689928911 0.140244582998007 0.199770551910834 0.122316250214152 0.165365020531424 0.126026124496168
"1364" 0.261060638624487 0.227324125540987 0.222439828052048 0.260510492155143 0.252740637843588 0.243670807748754 0.244878815540349 0.269510482925155 0.323534437318437 0.274326078605005
"1365" 0.339429694554252 0.343323196579387 0.348541444961836 0.352352024617024 0.312553899711981 0.351768131661505 0.299895791424305 0.270229146476925 0.302092854110034 0.31484807494461
"1366" 0.179341672516253 0.247517585218942 0.174364797980772 0.19988182940199 0.140894989543122 0.166856747233863 0.219032439241219 0.271801136903668 0.198159634457295 0.175776830451403
"1367" 0.17141568284925 0.240602556035762 0.232104827948746 0.187973239655546 0.159839390564909 0.181167852698609 0.21892205232521 0.249392881991391 0.23176188120886 0.205853534007085
"1368" 0.203262296737822 0.256763409582451 0.254267413839653 0.202042907487875 0.176412892325204 0.206578374032524 0.210643730646888 0.249148708216534 0.228647412281605 0.224799965623209
"1369" 0.59274981555968 0.591484982191103 0.550882843621116 0.548800943809183 0.539667678560057 0.539684305684665 0.497860020005394 0.571524848427851 0.488516264056686 0.440792921441955
"1370" 0.31336442151497 0.333524863166512 0.376527957423208 0.326038002002504 0.246692554972587 0.255867204763127 0.300815098458238 0.28011446719338 0.289226280918747 0.23348856121136
"1371" 0.162133503324398 0.283690242351961 0.199663230931652 0.238788514639842 0.211730811904612 0.169613150133346 0.254604915365548 0.163685198595492 0.240152217286683 0.20862685147675
"1372" 0.298514852174438 0.308253480283518 0.427487126717554 0.320388929848284 0.413353581092485 0.249294802414734 0.171447148369749 0.248473038223933 0.313976045858072 0.317546661114471
"1373" 0.22471345375567 0.209938456209961 0.274297842123708 0.225879399196425 0.343687145891293 0.210257575151824 0.22038936516917 0.228963546402991 0.227294823788961 0.186784968981593
"1374" 0.254524965102749 0.290225448685735 0.274946480219546 0.237356852179341 0.260572993407454 0.286993834506526 0.263209622203561 0.282575161643045 0.274055582615124 0.192613598450496
"1375" 0.30214344340173 0.275510889505892 0.233293000095306 0.224806869944587 0.200994802579652 0.253605328780933 0.218197985798652 0.196703490963009 0.232968998816999 0.23924878378344
"1376" 0.342743043062339 0.483349074494653 0.415046680025982 0.436478220778333 0.422324518309435 0.490457911380614 0.349815411731524 0.396251057102361 0.345293775145128 0.434978709741244
"1377" 0.289138726853727 0.273863728688858 0.340504727620146 0.291368350459068 0.246829416965471 0.278532114582437 0.252762905806779 0.268467612513101 0.258465140290098 0.278225696877754
"1378" 0.300952049370056 0.312670893885918 0.336505842754018 0.372305228896247 0.346358109340174 0.392474474179439 0.281559538622433 0.252307245167913 0.307522553903037 0.297712151519406
"1379" 0.324382816254934 0.332810086641927 0.330896758936646 0.354386943357666 0.181658362309624 0.216033568229274 0.310921395086836 0.306746077457557 0.379689229658608 0.242728652371291
"1380" 0.155571483039427 0.214753274121679 0.162550122024451 0.184724200685254 0.140860716313753 0.196685134938828 0.1510427644396 0.158450286687124 0.200581394822855 0.162254261965577
"1381" 0.428770777769654 0.351677939543927 0.375556766691712 0.364138494400664 0.365365605265438 0.411107134720419 0.431004105305126 0.448117736393552 0.395657613419717 0.426045135211042
"1382" 0.223534776174964 0.168801701243894 0.184728731264163 0.217538694229266 0.173944657528788 0.177398818358178 0.190754777267382 0.168634093057279 0.225203607492345 0.198420597168136
"1383" 0.332785072202354 0.295204134633464 0.256131275573055 0.336083999742279 0.261789000031892 0.202646635719213 0.240559845497741 0.252206299990488 0.267203556970036 0.318614877561434
"1384" 0.289853013132466 0.242344781846108 0.231282799437597 0.327606404886719 0.28851372953881 0.304692054148555 0.379120656639735 0.24195914211284 0.173108896523816 0.305670403159531
"1385" 0.348891286685027 0.304909454554836 0.340372682420827 0.396083085832879 0.330854900984156 0.35414022456884 0.431574287184092 0.313377899783917 0.252758167213286 0.382074819296948
"1386" 0.398024746151913 0.413788979014183 0.445677244546844 0.393272308829505 0.397663530323851 0.357920531456172 0.356869831277123 0.397012592056212 0.334837380675921 0.401620185812984
"1387" 0.356242405256245 0.304077170490293 0.308638262301438 0.325602222609924 0.327480807651316 0.288010594824021 0.340169747662562 0.238838828058946 0.334981985468215 0.38505915424737
"1388" 0.274154088389766 0.294102098519141 0.290511283324212 0.277098220472106 0.315815669682304 0.328662376098886 0.2434745435392 0.250277869836878 0.302424085706694 0.30859128018779
"1389" 0.199604844822378 0.226385695028763 0.195536465699396 0.237346684956354 0.223790882106221 0.209483408649347 0.211983815352513 0.188038804675616 0.2309635936857 0.223113946833421
"1390" 0.187975358255878 0.208161235626407 0.199320848053975 0.205933009429432 0.2172376219404 0.194060396349966 0.217223646902565 0.202540432509476 0.220117311284965 0.232681200463639
"1391" 0.592977189318623 0.585662250879573 0.548266466299623 0.594497768641577 0.601207302356542 0.536433781163222 0.368723402780869 0.528184423319706 0.517073585212902 0.574336402703091
"1392" 0.578084651125952 0.575360303496924 0.522152054748889 0.557554620279669 0.609715182341947 0.524871454882918 0.510447626294624 0.444620066764217 0.492726411956982 0.585080502243218
"1393" 0.168462302470761 0.183877954492219 0.178600476287605 0.187698712512307 0.178583701269898 0.188283633585243 0.170470742226439 0.194523836556112 0.192794454218333 0.166267997525193
"1394" 0.211967658107092 0.226720228593549 0.201788832689437 0.177414694788139 0.193078410870537 0.210644970533253 0.209429558428751 0.182117718890436 0.169101176312025 0.186288660419338
"1395" 0.240177953933596 0.291755191746458 0.247240299118555 0.207635235995304 0.226342996669519 0.239893354858569 0.200473507242305 0.197494578193615 0.28056958189419 0.242436872697001
"1396" 0.284111784472683 0.276523695163211 0.296800186236745 0.299309658064566 0.309242518597485 0.259967213473394 0.28628876031344 0.303842103389249 0.298611147034005 0.290136268158625
"1397" 0.250742379211651 0.249658384737674 0.238552376284016 0.242083973180668 0.22919675722305 0.216053640833001 0.221288572563619 0.239402895387457 0.213762419907042 0.247323011161741
"1398" 0.236897140763541 0.215977258182702 0.20229071794866 0.235120364907502 0.239514077600307 0.159899902687029 0.243794536796855 0.251768393418388 0.230003828128464 0.240108245014872
"1399" 0.234402111591378 0.183560282822132 0.213578454406174 0.198461311365819 0.142594821453413 0.162518092725082 0.175219480859302 0.17303692597293 0.194893423445263 0.1495039863747
"1400" 0.209056331297808 0.209304110311543 0.227343114672759 0.301292806693137 0.182985713947996 0.195128992773401 0.205297987702688 0.230186524490574 0.204649638073812 0.213802073294674
"1401" 0.280516513570309 0.209157141640899 0.203859753034754 0.303177729028649 0.220317661520792 0.27167914309726 0.211254457725481 0.219605792536804 0.224285338322051 0.236653816107538
"1402" 0.664067152069687 0.653425877959364 0.609054151042814 0.632778413479906 0.538664983278144 0.70605948947292 0.632370097655876 0.654198047062704 0.650587733302849 0.554629305764783
"1403" 0.259637305562982 0.268526367072111 0.299375631951881 0.275671538680004 0.224679239184679 0.223054726859103 0.220077427270026 0.255471529049387 0.223508529605993 0.238246400097343
"1404" 0.236688676018686 0.272492004049353 0.222477542283718 0.282485663671754 0.27565874622796 0.299412399391197 0.249797228887498 0.277376762915133 0.304844741149791 0.235042436383775
"1405" 0.302912694379839 0.327808072278307 0.27013420621298 0.312289023490141 0.248860041885005 0.313780389787155 0.220701259507427 0.334607204499337 0.314624667475938 0.279656189593773
"1406" 0.167765387453772 0.195185066286661 0.159666961361066 0.160075014559867 0.185262580741267 0.18551488259117 0.120671974040638 0.164481376555086 0.1810790980655 0.165823938057307
"1407" 0.345188761233759 0.528556011033342 0.536419285501811 0.487255701932444 0.495551662977507 0.505591608555048 0.35995312107391 0.483073286509359 0.436233997886758 0.389707325680746
"1408" 0.21113643809579 0.234582446279136 0.218842830610902 0.224005997324644 0.251617665531041 0.255038732784652 0.217729693288799 0.266363152115626 0.207363234632946 0.176595081195179
"1409" 0.244789032610872 0.32828703933117 0.216924068003961 0.312575092468863 0.250878730328893 0.234915240995736 0.291630584786023 0.27207266269931 0.309553005567826 0.304008697234483
"1410" 0.396026598889615 0.320860192727623 0.298331791339871 0.344880001414741 0.36111257392751 0.337527022485407 0.3665491241028 0.355053568374722 0.333236226447442 0.378357641952048
"1411" 0.289315740538912 0.273929358370711 0.237663371964971 0.322507021498706 0.308403149047841 0.280843169894113 0.289839347564686 0.285930733918231 0.310051708973667 0.322590898961568
"1412" 0.364261680324556 0.368310163340857 0.346586219155583 0.368423802667824 0.34153207337916 0.375151893762406 0.368947552260169 0.411176072573083 0.398238529834099 0.354837922391414
"1413" 0.36198149915239 0.348936502576344 0.311900872160082 0.41592564601168 0.430537467986335 0.362818372629949 0.36228245689073 0.345116234691568 0.387148312906264 0.380917134952099
"1414" 0.432318978167781 0.533541494258444 0.47146507743265 0.464890210622544 0.432710083089403 0.466337178129313 0.472788965924898 0.476261860437198 0.48012052281234 0.450970782973175
"1415" 0.267274268999027 0.361748647208265 0.320118642967355 0.302305185142534 0.318916252790314 0.338924891208268 0.303817014432117 0.353516823781299 0.356264312291972 0.311745945010314
"1416" 0.433918226728745 0.389535467044784 0.399587823738458 0.381934643455462 0.406503408832506 0.435631815677117 0.363012156189573 0.372888015451781 0.444194791376289 0.453521626493648
"1417" 0.369576115171955 0.219922264315537 0.128475896939758 0.154274211506484 0.232216474630223 0.23497888943299 0.197287938291764 0.216395566341867 0.196034157943266 0.211149923690288
"1418" 0.202272447357219 0.186316533354141 0.123733933125312 0.154750355173371 0.127655024725125 0.159243382336625 0.198698653228013 0.141095964582546 0.136591106982452 0.133815972834367
"1419" 0.322964567975674 0.274430738773061 0.25195774222118 0.378019593823479 0.281903731190832 0.208761633779486 0.307031964681923 0.264251772570271 0.196570981892249 0.328325171904763
"1420" 0.412454195798911 0.404954591454877 0.379634744162284 0.441958720272116 0.380345951302014 0.389206581049786 0.293173094533059 0.34629901109439 0.314015029578705 0.344245681972693
"1421" 0.265335759490849 0.320258917924707 0.284272982768666 0.333779696382571 0.261934033206654 0.302306983398506 0.236831219085483 0.32627594145915 0.290716987170915 0.315407013794547
"1422" 0.398822877942916 0.408303699515832 0.408014703989622 0.52528187353515 0.354059544822487 0.458436567373701 0.441786235170988 0.42165615277244 0.408196785398643 0.464552129954416
"1423" 0.256299707358172 0.31846689294453 0.291226561288989 0.258203246651265 0.345849346554891 0.267065920173999 0.300758860697995 0.292515954364594 0.305710290033921 0.276983935603468
"1424" 0.229385730940069 0.235937687993436 0.259256185269246 0.30248969299033 0.218594687398872 0.261028932304543 0.221600803076855 0.265903969640436 0.216536260344538 0.260044531216625
"1425" 0.3650802196846 0.343626569154971 0.281662719105433 0.369812429188356 0.373757655773042 0.336090581707277 0.360328691322973 0.330720012068223 0.372934210107957 0.351124568771052
"1426" 0.237682934431512 0.26818461105707 0.276137461102821 0.26454489010658 0.276922245493749 0.222437456608899 0.25795849153941 0.240558397749394 0.282572880745743 0.211329178566546
"1427" 0.384736602266804 0.369355627514167 0.367646289045184 0.399885062426809 0.377380583592926 0.328747961573138 0.412732012007234 0.386807527630922 0.392103277147291 0.3975368346502
"1428" 0.334039105425496 0.317705972943937 0.346596260367946 0.321306486189622 0.374493226135517 0.32582698565998 0.333118199991139 0.539957068526757 0.349015569400351 0.291946827418072
"1429" 0.310345317237153 0.316107431279579 0.349961585266912 0.258063129318199 0.295398611732483 0.261441326593371 0.251692715279093 0.27941840941781 0.292436608540693 0.285010443913627
"1430" 0.431949158451473 0.486230379555183 0.380785434944135 0.317757155592213 0.521402707264794 0.52211997137952 0.313266852654015 0.348466314420157 0.586227281775625 0.489160928218145
"1431" 0.286756288601026 0.33412796437734 0.334859229611349 0.316600415412782 0.265503092983134 0.289745868881415 0.244938855616733 0.27426748488793 0.285268847024273 0.196000394306266
"1432" 0.353493403567569 0.33103782996539 0.336002532975431 0.327056303046537 0.303520314004142 0.354316751075871 0.316918346844572 0.345096230613409 0.357756896733532 0.346658223304059
"1433" 0.386299743976526 0.26896700132823 0.263959535651813 0.342048743899841 0.262687031225129 0.254520969087788 0.263173628813202 0.300502237729471 0.242582289647694 0.269079619938456
"1434" 0.483371252604875 0.41630389095059 0.428935578938909 0.400782481084129 0.399628698347018 0.424731901883314 0.436339187061756 0.448098022289415 0.366850830714533 0.454951392679112
"1435" 0.184445936081497 0.261419444984333 0.223278737350465 0.234796249419788 0.219458607503484 0.269587528773231 0.226605153999067 0.249748621715784 0.203385825518996 0.246660157755662
"1436" 0.372220108201055 0.440884838980679 0.433970761008691 0.433965065465602 0.491044143139226 0.396746945001881 0.484581065263665 0.439198054519019 0.471737865138256 0.473700002456423
"1437" 0.285810873731268 0.421186763015284 0.388902079132713 0.439047160068211 0.415036944317246 0.396334184865846 0.36899240270823 0.484979826178397 0.413893068834101 0.414021442977066
"1438" 0.192750107850445 0.383160675912961 0.286177391848147 0.364351708150794 0.285741068298133 0.325717866903758 0.292266845030947 0.358258567376015 0.305218428102409 0.351191191935874
"1439" 0.32633783027606 0.321781704942162 0.331706523381704 0.297855477280119 0.283294094018217 0.29340193186605 0.309111455837967 0.311555758933119 0.333734770588665 0.301492775816264
"1440" 0.3719554768659 0.267215673447703 0.271359644153874 0.276531085161982 0.311581273978504 0.253630206948963 0.304742479656503 0.384769990148302 0.255747670776859 0.336670555276641
"1441" 0.363773993529548 0.329852909314279 0.336400429363119 0.361320706974335 0.31334579957104 0.303017775636475 0.325040811009444 0.375732791459681 0.264595923437824 0.300005454429488
"1442" 0.34304398138048 0.293009995763563 0.328931279866801 0.286490202307649 0.301301454123138 0.246454833026589 0.289020221975164 0.287080686409614 0.173999865501745 0.247154877387484
"1443" 0.296291492672702 0.341419620458679 0.343490334732223 0.338659282164951 0.407181027210278 0.341918982465231 0.35825390794338 0.363264757548283 0.338212409193987 0.369725222661421
"1444" 0.332015916947232 0.331106057148266 0.329143671244414 0.295926050250698 0.261515831499462 0.303271121807024 0.287347450479666 0.342224380906006 0.348892866769067 0.19467556902158
"1445" 0.243553513690443 0.234115329975954 0.243877044596063 0.271719751024747 0.219199214554184 0.246765081897465 0.21427779343171 0.332599917662285 0.273486984162782 0.205925040223406
"1446" 0.230136044279162 0.289487159324712 0.255125675376923 0.30367537976099 0.25968360644827 0.234735864097473 0.244413797605286 0.271647162454055 0.288763873472316 0.250012669469538
"1447" 0.332377113562501 0.33003068918635 0.263148654447189 0.25601642801912 0.25797055041994 0.267138090921568 0.37386164094131 0.272154438267597 0.298640864820357 0.287076686836461
"1448" 0.286970518360341 0.291869237104074 0.271198170790457 0.368147826807961 0.351155042744513 0.37474225727236 0.434570020739181 0.349413036371535 0.321361863828992 0.341418788915952
"1449" 0.282904441758887 0.309831780096914 0.295704935274844 0.369258646322596 0.324692878485881 0.385008994318841 0.396144123439813 0.400337501011078 0.312618527484435 0.341812861348399
"1450" 0.507525708716803 0.424695208839167 0.480595399707084 0.504789925316106 0.437689887183194 0.442549860345055 0.454360616194807 0.495058745071477 0.46560786614933 0.461018431839958
"1451" 0.357974077894725 0.226798926837826 0.225350518963385 0.279821183335557 0.218030379468944 0.297889537081847 0.212596786662806 0.240009383680266 0.282522927351344 0.257952993761348
"1452" 0.321063288957516 0.357039196752718 0.264253074276882 0.34291425958692 0.322577761551261 0.316205116834654 0.362044631292865 0.303338382388068 0.289054251159227 0.299024762202209
"1453" 0.29381502691422 0.358553749575066 0.309869758555712 0.343340697161205 0.324761465465007 0.320218975695081 0.370551544566424 0.323296298154901 0.303257267933341 0.283395244605074
"1454" 0.129500801177188 0.199955719649193 0.192375992083025 0.148213233464907 0.156236949136853 0.106061985657848 0.15139286456861 0.148365800912651 0.164066695595507 0.156691760426619
"1455" 0.272787173807101 0.334073101809812 0.318239846978664 0.309198329382296 0.298832384252131 0.280088466315569 0.338046937915891 0.327126002536623 0.310418178616563 0.313299897153966
"1456" 0.347280167761705 0.328771614457122 0.252991013109168 0.312993392020235 0.234156638597919 0.270274963467177 0.282531519709252 0.260029358222998 0.248464996009654 0.231315141755899
"1457" 0.414238499803365 0.416860878016389 0.41730104507622 0.417813165507658 0.416029375026865 0.445557890065089 0.392845140431577 0.378406574004874 0.379446920499323 0.474202789491979
"1458" 0.240904029194038 0.34307635248105 0.261600101177874 0.250300706722679 0.276559840772284 0.239935795155166 0.271114220149931 0.264938038113588 0.309159996106558 0.261745921560809
"1459" 0.201292203627006 0.205684933982188 0.248667721816331 0.201526984965723 0.245842092144788 0.213790682726876 0.18953445011798 0.185515162235206 0.224339009444506 0.216763172803782
"1460" 0.519020806837885 0.482753163669194 0.359200855728564 0.347964476233528 0.59259891215676 0.352470323591276 0.454095706300911 0.414645908373737 0.376407236781491 0.465411436289392
"1461" 0.222853927239685 0.225517823625221 0.186625986024652 0.172777326000241 0.39400513556968 0.166671101500054 0.218760898226312 0.212588094597059 0.168520399566685 0.27919332263981
"1462" 0.402899327189652 0.412468610566912 0.317472170041653 0.331335873447625 0.451143805866746 0.24842044019969 0.410797355389232 0.355786295544927 0.273919358210247 0.408724532545789
"1463" 0.370244626858772 0.410694388928325 0.305536903311909 0.324020173374104 0.439714881899302 0.231765953515273 0.411483433865024 0.323525162347924 0.2563346330066 0.407340993866272
"1464" 0.355095139539882 0.387365291182808 0.402362585352892 0.34592213877742 0.244293156141574 0.373181360169222 0.357165056695622 0.39514371427911 0.370025003295364 0.371152497791417
"1465" 0.137016529571382 0.140991816634484 0.131665402092948 0.122380881601945 0.21551815284644 0.139531968135123 0.149627659659467 0.163125556043255 0.0986641087561742 0.142014366922807
"1466" 0.124968638890052 0.146284685983642 0.124688673399729 0.147275422717819 0.163634786014488 0.115907920253982 0.124589913358667 0.118084662724778 0.109546996080171 0.0943492434102839
"1467" 0.122012449863492 0.132679081777418 0.0993391649448249 0.142187678435957 0.183440644982073 0.121131639157825 0.114029323712647 0.131542703773616 0.11828095951522 0.116893341904382
"1468" 0.121986789788661 0.154635347987077 0.1157572406894 0.139426781361535 0.214462313098688 0.0976957380572259 0.113877846448453 0.133651866512732 0.127860829065438 0.109435816809007
"1469" 0.438435708507956 0.425350823166464 0.379207233498784 0.411867941153048 0.452150741577947 0.481111470566542 0.533502478364163 0.44510813329776 0.49216903046081 0.442860356464267
"1470" 0.391325385990812 0.413443181214163 0.472163092032143 0.351861192384075 0.35138880730291 0.448935875395105 0.456662441562339 0.455743523535172 0.3258072081231 0.386285100932704
"1471" 0.14177523693763 0.0980256136096246 0.144183966872063 0.162458795290708 0.154660820716185 0.125987392594856 0.139114756630988 0.12032528681324 0.123092272392793 0.165099095613517
"1472" 0.173697129243609 0.22423544059896 0.2717529248093 0.268894786005551 0.199045633526144 0.255282933035173 0.233775445530397 0.269158462228191 0.181297641362131 0.288367709761505
"1473" 0.216425835349663 0.271573991198772 0.288010669317294 0.277128564515869 0.217856383799835 0.322718221058962 0.266747362773675 0.319356954731203 0.221702356582637 0.349082637912889
"1474" 0.534305485257213 0.549143971333841 0.478352776392315 0.599922728381072 0.622542874637742 0.510305952465986 0.431960109515673 0.532988828635351 0.544412670133164 0.511079548450226
"1475" 0.271331318437089 0.466238974267515 0.384972105186618 0.486345257678134 0.408860334094654 0.408296951485057 0.410286963040974 0.416613541764745 0.433653518358463 0.447918676740959
"1476" 0.260131673010465 0.295214881858696 0.244743147084213 0.224810054596274 0.20913877747131 0.269583440230586 0.214988055617873 0.224542925434739 0.277626911102422 0.201837246212627
"1477" 0.235206455218601 0.216786790847425 0.146878540637418 0.163765929656465 0.132955655153903 0.232714694028324 0.219520743147531 0.215642123342474 0.212543004309872 0.188155067561813
"1478" 0.44935323944069 0.461117144709135 0.468802597973135 0.505488975798663 0.393802982799256 0.582882502505739 0.500599362732861 0.435813760147723 0.533256682905824 0.501760879062406
"1479" 0.393459692259193 0.403006469888231 0.384978680043936 0.408384432580573 0.304457359654501 0.360936694604507 0.411811038070904 0.390315444990931 0.34292634323364 0.357850632260889
"1480" 0.541713696241239 0.556749462472151 0.414579934436563 0.452263855422191 0.487044774376683 0.465280815959505 0.574695207718707 0.450430719021987 0.519150465648111 0.483188639342842
"1481" 0.347406730598806 0.171095912428125 0.298002201773501 0.247236380587492 0.281891561965234 0.270471568687434 0.26337654596139 0.186719551733266 0.287197720531369 0.26395025071086
"1482" 0.290167208550242 0.210676699061632 0.242122577401246 0.288764455063955 0.325271355116346 0.249278334088699 0.296475892241815 0.327636711965094 0.291999271342085 0.220484590092513
"1483" 0.154579323428469 0.131081626992481 0.164962724310403 0.141710756783233 0.155528087958569 0.177883168639697 0.172287883493591 0.154160869940518 0.18111964711826 0.13425598325019
"1484" 0.373307689487968 0.305001269165667 0.296475883937071 0.301279597917067 0.380236551101118 0.360451296578654 0.334986481061045 0.383383106629823 0.344538385847962 0.335618532615392
"1485" 0.242824482057917 0.237040322310902 0.315158280868899 0.16766993169337 0.190775224500819 0.282584421260787 0.24055519821837 0.262716227071744 0.15235595105604 0.26575813104884
"1486" 0.324865777792868 0.377242789833649 0.334137988373597 0.363546332084809 0.320748193601806 0.325157031920079 0.315791856576101 0.418057352039177 0.312254708586288 0.284340834999194
"1487" 0.211931993807972 0.172540666606228 0.145006844884071 0.191582460174877 0.207660336552284 0.167157544745528 0.153331679779106 0.21975319401412 0.111733457951342 0.228119815790054
"1488" 0.291075405642009 0.273995290066037 0.247868339198901 0.226318550984889 0.299468315621684 0.287189963094088 0.215660491774365 0.329800982409764 0.187902093590901 0.322222416154404
"1489" 0.263640856605039 0.245390527810348 0.154806920074816 0.209686884398743 0.24353251303212 0.251685765010275 0.189027230764575 0.231333088163837 0.207718149741448 0.231252824127768
"1490" 0.220012868469041 0.222245926711201 0.128203710730305 0.206454418089454 0.20754747072874 0.227362581345113 0.199593816820504 0.224451368800174 0.19212130285376 0.194563284724662
"1491" 0.404493809938237 0.364986434508905 0.373135089506642 0.323088930097659 0.418496076992234 0.434590029467311 0.367328917855698 0.443289306829408 0.360306293708827 0.340960369885671
"1492" 0.294215206732139 0.285401477746793 0.289835837918068 0.26219998020272 0.284045726113177 0.301931154245611 0.284192514884946 0.320834101541032 0.344446964233207 0.241446384918247
"1493" 0.334666769791287 0.371110782867847 0.359313185996012 0.392560243358107 0.264555202657887 0.376225171354638 0.383190539019909 0.355477586803843 0.331252202598481 0.339467571062523
"1494" 0.196752434030819 0.160281914147317 0.199331051826821 0.176630100597087 0.175245929822758 0.176198213916872 0.156648845440168 0.192655050371063 0.193914174423297 0.152189632514029
"1495" 0.201245645822541 0.212749004370664 0.211554924192217 0.192032476850396 0.221484826267911 0.160809732528524 0.192281003029356 0.165803060403763 0.170612585315553 0.163828154457574
"1496" 0.570144356737709 0.371580910165469 0.392086335936348 0.396280314877704 0.46240813923184 0.400874173355862 0.389570801367688 0.388035795570545 0.449007550970805 0.44158109317938
"1497" 0.375224971610644 0.333947167974463 0.376908917342105 0.311806169374683 0.318534832775767 0.291455322087426 0.358660510211666 0.373724021827132 0.36702250589802 0.327411098239937
"1498" 0.328225348579993 0.247942417500758 0.294061014367975 0.306165291270317 0.197081557074242 0.295210601635357 0.296282910416893 0.339862993192788 0.259239721190945 0.31574685354178
"1499" 0.176206819466405 0.218922416189447 0.219612838287924 0.256717288282833 0.269220969710719 0.218888808127968 0.281190675348458 0.233784047342773 0.274983264160212 0.254859742101621
"1500" 0.233869351318411 0.218138347616661 0.204523346681346 0.290836035649788 0.217847470826807 0.221034124968934 0.232579442373347 0.266574240712957 0.246157691111757 0.280623574170113
"1501" 0.268192015370366 0.260080027188104 0.260690334592447 0.250547200469718 0.249210012287663 0.276527099631275 0.268292720362015 0.250647578097058 0.245258539627561 0.295918208185636
"1502" 0.325918785652265 0.308475543739793 0.36772687142059 0.312847650366999 0.255532243119951 0.395825980546865 0.345073410185512 0.352829867503035 0.347852631402634 0.356087265313683
"1503" 0.336234489783499 0.373163576459354 0.320712669426627 0.31818371798248 0.327333197796545 0.359109937157918 0.311347941100729 0.330877732724928 0.333297765807646 0.299598956296392
"1504" 0.521428251952979 0.470616529236133 0.618831485507701 0.374807046600798 0.441877772829738 0.594750488977818 0.642525006204188 0.623546830298591 0.353343904265248 0.541326834864205
"1505" 0.245180562331477 0.202778862335047 0.185038875535101 0.241636390837119 0.146843904734172 0.200730456523453 0.1973832100115 0.17654912992522 0.222297853386373 0.201346769333513
"1506" 0.247053437343626 0.210683421290039 0.181368887523939 0.266522938194777 0.151358478551411 0.207883567976683 0.2026853143467 0.198303165079948 0.228133940245195 0.205067352494313
"1507" 0.18351686839282 0.164775161720825 0.113775073860928 0.149536189790878 0.141330943307571 0.13587587185734 0.156509482667799 0.107712526558297 0.215524516828734 0.153043372245561
"1508" 0.510881761042653 0.431913525099975 0.465471009745821 0.556024710373814 0.605399418463166 0.390458101444361 0.414797422690881 0.38783093569924 0.339654080604586 0.341660290959613
"1509" 0.160741001915271 0.169971226410912 0.207879144334137 0.185649035069167 0.246602546098157 0.189384468177658 0.184412107597283 0.118354655755995 0.159224294436079 0.180688171334664
"1510" 0.195205347791842 0.180974958529087 0.255065908586682 0.25228287783039 0.285333994497097 0.243885466578877 0.243520046535171 0.127360360359924 0.235607103883699 0.224111409042918
"1511" 0.242364680773038 0.28473723598785 0.347190955802766 0.285942948053729 0.352977680687443 0.321240258139084 0.265896322169228 0.22338686904116 0.210023914060856 0.320783248137856
"1512" 0.266920961768731 0.285819240821818 0.334232496961948 0.279719692466409 0.368739401270994 0.318427494773088 0.279697159362727 0.24640129053634 0.235131413261002 0.323755087250373
"1513" 0.417213820269141 0.434798135418852 0.380459438116602 0.343863310766108 0.488306567632242 0.413221400700603 0.423195243631908 0.466656581131099 0.381970559179654 0.348081271722497
"1514" 0.137179217941701 0.194437433676603 0.158835236736628 0.175077259030367 0.18596804507098 0.19460019133129 0.172547565598016 0.176518991838899 0.18015344174466 0.206420772302383
"1515" 0.40107912266573 0.451965980610877 0.466543102249131 0.406341737470773 0.444800627508101 0.443545269810408 0.392561776656383 0.425768499535401 0.453668366052143 0.444431607197422
"1516" 0.332788241436496 0.354242111475911 0.327146987768011 0.32299252835819 0.379535570290996 0.333991855937245 0.272688710706432 0.356471346880465 0.319790554985557 0.315492372094734
"1517" 0.160342829857708 0.133982259061604 0.177360160484743 0.155494152549085 0.161895954914267 0.219452227797296 0.135169906241606 0.164743423532687 0.170276426297925 0.142253925923048
"1518" 0.175812541737202 0.134265609168961 0.181815180655882 0.16118815233402 0.175085594021017 0.200082080545832 0.145271305734266 0.174842495440024 0.183176945295168 0.130009602138664
"1519" 0.170784915268601 0.167214613391067 0.173438787517143 0.177817085612465 0.168258480337747 0.174661808058378 0.17539475607554 0.170788161905255 0.180438611084425 0.142729425309768
"1520" 0.400953127541954 0.375107133681649 0.457871188479997 0.371153604856058 0.379609775624696 0.371835140150073 0.368998258399692 0.433346758543097 0.355108712042009 0.397700734390192
"1521" 0.33235676539199 0.326460840884594 0.34146708491192 0.33622063021113 0.316674176261339 0.295382088079875 0.334269339635127 0.344947322992741 0.250103373880588 0.309430687198638
"1522" 0.173753485396801 0.253384503861301 0.237250907920386 0.264751706876507 0.296127844815076 0.271556001696727 0.257379784590707 0.234675055865824 0.214853148244858 0.260265963959273
"1523" 0.440420956399836 0.344242592235012 0.411326012961518 0.42680674374673 0.401340612027606 0.342734088016641 0.376871131876404 0.384457087714016 0.364946203049701 0.375787304990966
"1524" 0.494405536130308 0.45259019906315 0.503458200410244 0.521216514952182 0.472836067705338 0.439709600015468 0.479440908547363 0.500086025039008 0.472301417886808 0.475019975272522
"1525" 0.353047612154911 0.352412267174264 0.367192495029388 0.410519637324944 0.318766997470615 0.329054656912127 0.322143766211147 0.380024985458199 0.318225845085417 0.347545921101595
"1526" 0.37715274066004 0.367175426323951 0.38071862313131 0.404642026120944 0.326217185388715 0.35880631781115 0.357892514764601 0.39670184941334 0.350447186561113 0.338122963356517
"1527" 0.527538893409143 0.491514906906459 0.520763783403987 0.469350251367959 0.5451556530148 0.574489594572053 0.519859074222358 0.474296359017 0.501051113789184 0.426687409123301
"1528" 0.274594922025993 0.297661900089372 0.339371990609495 0.242567038323652 0.317475317958926 0.325153814715533 0.294162419345834 0.280689219117363 0.343177485816807 0.230017089227263
"1529" 0.270680980237824 0.311821168368968 0.331186120287416 0.246164040436705 0.331633403546183 0.35899045829928 0.293625555260599 0.330550510768244 0.29882025502925 0.330266962601079
"1530" 0.204298294390688 0.299737881275004 0.341426836818418 0.23085604114905 0.297878739640726 0.331862609859856 0.264232291918843 0.395090400252571 0.308596484404947 0.316049974875427
"1531" 0.609761942917512 0.59177086657658 0.620611464861672 0.459633085663933 0.494597431764824 0.522394689761332 0.578975889586434 0.541664510904793 0.528858183560389 0.496662342078808
"1532" 0.293941024891827 0.224931952125653 0.295405854384521 0.270336666601262 0.26075103911823 0.262086815937299 0.254283663015764 0.261243943691448 0.267773706670756 0.271937399168248
"1533" 0.204557710770447 0.164559939174191 0.19179659882613 0.226343928028126 0.192462544219946 0.122548783202306 0.124906423228272 0.183205699080052 0.197433383265554 0.197722377206584
"1534" 0.268847587703334 0.229529388835454 0.272196090955564 0.223190737154755 0.258518148723397 0.210189153291855 0.23185509966997 0.272743756476179 0.220028001405051 0.249477530047065
"1535" 0.249694019881594 0.393273629869223 0.402288408005214 0.359776886288716 0.261354556480549 0.286402448864061 0.303066342958457 0.274766636301223 0.262905136677548 0.289822427782087
"1536" 0.257907602326667 0.292022047983322 0.266480826517109 0.337687602054994 0.200817966226103 0.213086122364895 0.330417883256695 0.20954959356337 0.237013568471384 0.180948174609836
"1537" 0.126106408527098 0.239866775771342 0.251233664494011 0.240950263404505 0.252582039912748 0.186479531680605 0.249435405845427 0.208927575597682 0.240876534755678 0.171075234090472
"1538" 0.109464127761526 0.169000548647001 0.211736245334267 0.217886543639042 0.258696615913672 0.165177940188689 0.211604931557809 0.157622363846119 0.252734493201291 0.129139224656952
"1539" 0.160646384886159 0.204370499284599 0.272236204772386 0.254045968429938 0.286779452130971 0.203817020336718 0.25663087086875 0.209395857469613 0.272655561022359 0.179955067335395
"1540" 0.331150242199501 0.486408819112762 0.363527023252143 0.459013614948848 0.416110424836537 0.426324956159082 0.372566498839596 0.465538660792268 0.517319885121929 0.310540080373325
"1541" 0.351780913818852 0.27526138208849 0.261971971984006 0.334865554659488 0.309733646336207 0.249206336921157 0.256252308514883 0.284905875308517 0.253812285038544 0.271595578732682
"1542" 0.427496562086713 0.380467742068397 0.387097522748739 0.465182211282124 0.453510837585434 0.274204687150955 0.399605274651396 0.420082040719929 0.408952766858444 0.430751066326141
"1543" 0.352633844423565 0.352892856134192 0.341590959536062 0.418104149495517 0.374478531492949 0.371085013603493 0.365868300561811 0.575117622956603 0.33196503649923 0.404244494304954
"1544" 0.280856153118702 0.324281615310994 0.254488498242684 0.304811435602359 0.314194805268561 0.203089691268895 0.261106471967324 0.211400993160369 0.331401242326224 0.293733804813845
"1545" 0.230677166738816 0.270057992635059 0.238360195060417 0.245380899995009 0.281587321487616 0.208263938592828 0.188026519424922 0.21779976726938 0.235148206005204 0.273751827458624
"1546" 0.210646581031984 0.261328079704435 0.223468497767098 0.248503170608758 0.345844970896675 0.227234194077775 0.181097452978441 0.211276716541799 0.21791867689778 0.207518069250877
"1547" 0.165157381158658 0.189798912561026 0.133653515031031 0.133238383476615 0.195527305018047 0.155799955941912 0.138707449982698 0.156710386340625 0.145554182296635 0.153055193734397
"1548" 0.224797461575463 0.265126493527988 0.172059182011332 0.204251533104317 0.230358242480939 0.200463143794456 0.230856963715248 0.282523558292045 0.183254595985649 0.221394689441927
"1549" 0.368471276082434 0.391047176558572 0.373838286068854 0.443891017330544 0.317595471858421 0.349862229317766 0.336514089303635 0.30944132377526 0.421147763645447 0.371314096299461
"1550" 0.254289755306753 0.243411150695786 0.207600096376975 0.288766771880921 0.229970755989843 0.227674749314717 0.256273112171112 0.219402689446363 0.225006609616498 0.2420733184166
"1551" 0.323904212372739 0.292427247998242 0.26868070011725 0.374717272708214 0.321628420547915 0.298285326541569 0.321909566831694 0.299266500549229 0.280655227674488 0.298238249049037
"1552" 0.33481782571137 0.314686813719575 0.322592437514586 0.281253948721356 0.306529535219738 0.31091820621257 0.367578827527036 0.276719419161715 0.2976656982682 0.336095437275006
"1553" 0.435420810741798 0.267118632113783 0.234040008141827 0.330314016759882 0.271928011237537 0.26118931816496 0.274869856017187 0.223970559946853 0.290649282562495 0.292368335531709
"1554" 0.426840549230411 0.472940079812222 0.532966486723644 0.425886264166197 0.475837470238008 0.367695139990613 0.457102842999708 0.487291193950988 0.529297279064927 0.470641981159176
"1555" 0.164801873785311 0.15940127864693 0.135746202891713 0.16443733648936 0.157810025365614 0.196452190547587 0.138602937225386 0.129832279055728 0.151108575958781 0.182248716647828
"1556" 0.458957971616034 0.490006883342526 0.501945725781749 0.382788316909969 0.387635056687283 0.368248249450273 0.459430565760223 0.450096835419554 0.412706545656974 0.441112230628493
"1557" 0.325099157780941 0.289617534134855 0.240257912311976 0.286032362387708 0.202003363034736 0.333449009375422 0.224323894111477 0.250479264551759 0.302663441948801 0.238438505734732
"1558" 0.284010565653645 0.203041697537179 0.373103854618566 0.259233107007593 0.245457894930415 0.307804623319003 0.308585542181311 0.247483631714597 0.315587999658161 0.258508380602732
"1559" 0.185505805853899 0.166838457289714 0.203381768602098 0.139563783830928 0.180902947100297 0.16189972088043 0.180134643800051 0.136924706983847 0.153397050814857 0.122468925008191
"1560" 0.225624944160864 0.144409174609675 0.215826430013128 0.151469517443682 0.239532628258995 0.186401414320127 0.157991527833323 0.168436686421794 0.138698219228061 0.171776134417756
"1561" 0.252661548134319 0.190717086417015 0.239533972475559 0.139059501023321 0.237720552935944 0.20515863814754 0.138027798586835 0.179863049430766 0.152985970541076 0.161681498866427
"1562" 0.225975396343797 0.177135217672045 0.212749518152738 0.138194285101653 0.22937549272998 0.188351075505502 0.135972204183921 0.157757273772844 0.129702229071608 0.160445903529909
"1563" 0.680351419452081 0.725195369433264 0.663595086598667 0.675514709665768 0.744684658516067 0.55425610860714 0.665441687915028 0.707979127123342 0.676794688246892 0.665339120077028
"1564" 0.274380708841323 0.275447784424884 0.219882861621803 0.210146276102649 0.196629155343799 0.26086097777251 0.207127554440871 0.18431961703303 0.217056074657736 0.161629426168998
"1565" 0.354801519935658 0.37866769141087 0.287803973642252 0.274105807951426 0.285832284163186 0.322486799956936 0.286577973877143 0.26023146483936 0.345424211353916 0.281658522392467
"1566" 0.358179297713436 0.37706769141087 0.284042068880347 0.281008084491085 0.283832284163186 0.32682013329027 0.288577973877143 0.25848146483936 0.345324211353916 0.279391855725801
"1567" 0.304763662570921 0.348157227039768 0.23834754699491 0.274897731201393 0.230199233780968 0.307528800628207 0.260544413114234 0.219268899023388 0.279602029859809 0.1925531465274
"1568" 0.558200362119698 0.47414625910708 0.390122835654892 0.368604857853842 0.487965305585617 0.454069801557958 0.486158529568766 0.523752830035278 0.520122630989383 0.529922988696988
"1569" 0.194959557484674 0.326535229998134 0.239728021133014 0.240372177567567 0.271955272100391 0.273051569690767 0.270933249014479 0.319614433346455 0.325123130313055 0.255106979946607
"1570" 0.240109596499283 0.335160792769417 0.24528268677439 0.259988515641258 0.276715195583341 0.302915454530621 0.291683709843972 0.313298811252883 0.32176277473592 0.297862999004795
"1571" 0.271656329748404 0.359778056793049 0.271068630265332 0.311228995392442 0.301585351369237 0.327323967194731 0.334659107020817 0.352944210053717 0.344724358279449 0.320403826837397
"1572" 0.219442516527963 0.315355981998218 0.228458072662072 0.232415029507077 0.250413542053307 0.252339645161167 0.282481875402321 0.281774114617631 0.310437932179548 0.254038363433214
"1573" 0.522808514249238 0.491383167227657 0.532985919919014 0.433948575122623 0.50667187716023 0.477732693604685 0.547212035900351 0.541100638279339 0.513490124472911 0.515055531605556
"1574" 0.218669480430201 0.233200952187621 0.249405758283401 0.212710979553213 0.206970319633084 0.236188123100981 0.244489731997339 0.25154659296481 0.21831601802884 0.233737405893052
"1575" 0.279543790554657 0.281084784887665 0.270393814049972 0.238568131816505 0.242124236242085 0.271165814036293 0.255138188008667 0.281183058963267 0.270817928893713 0.254329780102294
"1576" 0.430849732840635 0.318533316131417 0.344396636483567 0.317043744205381 0.346362549583361 0.363427412425038 0.340985691692622 0.316042431543569 0.32171575195674 0.327080353072094
"1577" 0.383530827873626 0.442280244162163 0.500916506237163 0.465149592791992 0.4623478729886 0.486541708362806 0.465018229367012 0.418180652863714 0.44858932206165 0.457380189330998
"1578" 0.302614437493615 0.386023788856303 0.431286279391693 0.424215427061852 0.383849676599968 0.389934202146151 0.411031126245864 0.351318837094101 0.362887767348692 0.397708182156702
"1579" 0.287014997717704 0.387090455522969 0.413138660344074 0.421971262729452 0.373183009933302 0.390920868812817 0.418791443706181 0.3521500198898 0.359208775752054 0.410274848823368
"1580" 0.477597223046936 0.486969621962379 0.470530140140584 0.372170172450725 0.459397462667126 0.385620179238962 0.480077175860861 0.364446861575137 0.481191599495281 0.491544603557453
"1581" 0.385396537763308 0.407174057852636 0.314021546976569 0.344708404804654 0.395420367771083 0.348952761939672 0.433242457407774 0.284574023711438 0.395974013728925 0.34728833578096
"1582" 0.460573975070244 0.422421754552336 0.312630896815023 0.372165554663897 0.447339737587635 0.4145906335146 0.476057245932043 0.385427009702196 0.418238639758461 0.326508461426538
"1583" 0.339121611819956 0.337172751330366 0.239456362534495 0.253324886331884 0.268018153482851 0.28625816457042 0.281776255687298 0.28029373879707 0.270293345917584 0.2146480321468
"1584" 0.347623227243781 0.373364419691531 0.269197409494661 0.296561643523513 0.316118926688109 0.32815247916906 0.320386008535154 0.317351178264488 0.298015834993756 0.261357087049139
"1585" 0.457310503658478 0.367462417202812 0.409585415920894 0.37510982938807 0.349839756436134 0.327448558460611 0.396631454040114 0.324330291146291 0.427866407158479 0.371581599240365
"1586" 0.299612090130556 0.209277491581195 0.225805486365346 0.218289310844306 0.225089813387554 0.254204808265064 0.239788288498824 0.235438464854862 0.307138271686085 0.198583721649761
"1587" 0.276233543491827 0.228539553600918 0.214877831509631 0.233311829135 0.218203903921983 0.263215278701125 0.25346754636059 0.163477654185593 0.262942717127595 0.212415142670276
"1588" 0.297095725997998 0.226959187792171 0.250034505035097 0.29239084222825 0.282229005156926 0.227568053191753 0.288688350521176 0.34357209293914 0.328989039435414 0.253854761161294
"1589" 0.264700877818311 0.186977052013578 0.231737081908446 0.224611952602792 0.234380076374268 0.193138039298757 0.236269546972749 0.304982634261343 0.263701409577122 0.196381110284657
"1590" 0.446487995102118 0.385260783526069 0.452208599363924 0.44364769408033 0.437019125012988 0.470480708721949 0.392445573517285 0.42918736825357 0.396643727212355 0.472962357060024
"1591" 0.291973221511274 0.23600825817523 0.260175833119053 0.200092282050992 0.337091294355759 0.261982402949583 0.23620784126788 0.204182886415543 0.270735927126778 0.303783864087428
"1592" 0.307996643631615 0.299192823830644 0.462194440892908 0.4242192212827 0.413110262246265 0.490240621449709 0.268445998806522 0.297938588091823 0.340914950268707 0.39679985319337
"1593" 0.264779844812306 0.234333274635404 0.414580586813264 0.442566413948858 0.421197306738693 0.46415911058554 0.224170838193413 0.266626681489005 0.320462638403344 0.398559838707644
"1594" 0.291935921598847 0.277390836291119 0.39364307763011 0.264345049311953 0.253195244501074 0.400415703576765 0.298678462909213 0.282241066536801 0.213663522838884 0.212069139968408
"1595" 0.427105613595206 0.432022842370234 0.320912162023307 0.333635014552872 0.393865777549519 0.413645989712488 0.361559662114635 0.434223435328013 0.35976897821368 0.283627041325457
"1596" 0.386213944069869 0.429483225103012 0.46300893227203 0.425762826582919 0.489918177516471 0.352626765223124 0.432992268468495 0.426036474708935 0.38901066959005 0.350981031714354
"1597" 0.182415741898778 0.179892876549054 0.190544051724869 0.161945969985644 0.181421443978744 0.165234238184502 0.190455815886966 0.16894866542826 0.175133650736784 0.177203914801465
"1598" 0.299045416275064 0.276807604285329 0.255044483282995 0.210290754617467 0.206752074964057 0.197409720353084 0.295337457066722 0.282832653210344 0.257256871618058 0.258484897174329
"1599" 0.512542607780136 0.602687779058352 0.547718399064479 0.569804530162067 0.543413852291499 0.415819219073961 0.578864553180028 0.485668672604495 0.542944475559652 0.537210407618534
"1600" 0.411328192250072 0.432070992645148 0.352549265318075 0.402830190859078 0.343047694351435 0.382419079822577 0.430682410000909 0.393086172087409 0.407056190880961 0.277697217585679
"1601" 0.233207174320287 0.267946823917865 0.263596622472517 0.298172843984289 0.217772440443902 0.288372116228518 0.230986306813359 0.303852459348705 0.23839865563041 0.257702410789225
"1602" 0.37229020807321 0.347951554710422 0.329930251804032 0.372107063637963 0.361193867530585 0.385578870349359 0.348899002735074 0.189771589326489 0.340163597709525 0.36704015516172
"1603" 0.370131313593744 0.391950590056836 0.397942313517346 0.42629402297026 0.315403861900665 0.377673807960949 0.428953145152692 0.305750707451347 0.348712191272692 0.290608976177297
"1604" 0.309157945524115 0.402745077945523 0.409176918029362 0.381582883643934 0.383848180307444 0.296562451973168 0.331168979633683 0.205226778115973 0.393110882636326 0.326576763665348
"1605" 0.474980217581979 0.476194474376416 0.475268691603904 0.478236300239235 0.435503532134947 0.492571725649192 0.505523811573513 0.354777257409451 0.443283870933588 0.377849867704645
"1606" 0.401535283272378 0.359690179248334 0.430534174115787 0.373202263170195 0.473784690500241 0.36682407266457 0.415844340609018 0.420133706831584 0.316386710071666 0.442421698824413
"1607" 0.266902663648706 0.278747140145918 0.242523342020897 0.26515419456451 0.22331410757027 0.271908787649959 0.245913409129053 0.246464785219198 0.25194957602921 0.273214169133909
"1608" 0.429666057744077 0.426443370001095 0.415852897706749 0.480169409591443 0.535652315966799 0.43857710082973 0.434195117107487 0.457528661396335 0.329450429000689 0.469819114461568
"1609" 0.253879536082182 0.220728280438869 0.200565930474796 0.238978188692788 0.217744605878788 0.322073236524102 0.20774415299282 0.208422160994617 0.189257479754373 0.226405135145618
"1610" 0.331435901602053 0.316755367778422 0.253815953318964 0.277397772928472 0.276525440201291 0.404325997951247 0.271960757766788 0.273035589337554 0.267361645364064 0.333794109419681
"1611" 0.583514583225546 0.314604875583793 0.602332925351451 0.653914901455275 0.558147776014181 0.488227786675454 0.624093084194039 0.582941418767544 0.66447269440679 0.616150985862885
"1612" 0.267381931602748 0.208483873917947 0.303464628386574 0.346955942319745 0.269703257581814 0.30661274313928 0.363919656478692 0.277081636460445 0.386695553618739 0.303491087095603
"1613" 0.223867523498607 0.17456915382542 0.199933964370005 0.23027286086015 0.258471492586898 0.178375043340958 0.184000113480451 0.201239598078002 0.160888686078715 0.22203887851319
"1614" 0.285748224740135 0.179663288005642 0.24618618476008 0.2754301423393 0.294945228871295 0.203847092297037 0.189452669068611 0.260567099675075 0.147727723815062 0.284517093047485
"1615" 0.268088377937645 0.208766602571798 0.255369102814979 0.244818927449116 0.258134223401394 0.156368478696398 0.218706375795428 0.251527185051646 0.19876124870336 0.230875750372077
"1616" 0.414222411127354 0.405034553099407 0.369760258567979 0.402252215005628 0.380959596331273 0.56594227646157 0.371236984314191 0.37902800347529 0.479389339156297 0.424248781445424
"1617" 0.213799045620281 0.232564408701566 0.189841818460719 0.292176110068427 0.243985237227916 0.214995126847081 0.202350138926323 0.240158877680257 0.246020545181536 0.23458559242928
"1618" 0.360952111255698 0.411566585808332 0.405301255519708 0.36864634264592 0.355620325920877 0.42266469295828 0.335821870096667 0.397856697064084 0.299946906075077 0.310346171487647
"1619" 0.263198319545202 0.33038116643364 0.274604564162561 0.240014895592029 0.226793681833842 0.250524016382088 0.256138024496849 0.298778396422777 0.291538166469268 0.249003243939666
"1620" 0.527134956076621 0.493324198077131 0.528093265253763 0.465673426723515 0.46609139604014 0.385015958407517 0.394427436061488 0.469891987681755 0.54487762398825 0.402951825372342
"1621" 0.279194248918835 0.298253187310377 0.302086958314577 0.33475394084026 0.363363830544729 0.337130084239764 0.272021842702008 0.344733910068892 0.277309826436565 0.321875061625957
"1622" 0.177674466877413 0.324465696115334 0.277369981455272 0.315069733113423 0.191717344253608 0.321932940795555 0.298857595691718 0.34026478179873 0.273593985888848 0.256348023777254
"1623" 0.180139941188212 0.255854248428178 0.247033051455571 0.220133230744437 0.152758876609523 0.275654752706543 0.2361948375001 0.261404993012636 0.205338431670705 0.215966332601007
"1624" 0.189729100154893 0.260489677879499 0.23334147342008 0.201088287378462 0.1627533529698 0.27783125640493 0.233107059110371 0.245291758889311 0.196021292449079 0.196199489742143
"1625" 0.39330607471227 0.521434140291396 0.458010598616662 0.45522510088896 0.485543535167056 0.545037444414046 0.475954550884212 0.527025373588949 0.501822131507871 0.359162057135029
"1626" 0.357279931952062 0.405897452091321 0.392188407826035 0.413580239888542 0.354985237510168 0.447773961700196 0.389294635668896 0.415474960185749 0.355239202654867 0.330334650412257
"1627" 0.324235237414267 0.392264128315876 0.390462959376957 0.416674371091054 0.377663898767251 0.422853012678731 0.414142439943188 0.395799048428854 0.351549303501732 0.353678769034409
"1628" 0.42480722662724 0.374432178547412 0.370727470174482 0.420831256992706 0.432418887095038 0.453087570359896 0.387162975488503 0.362707749279428 0.373049451976739 0.295176207157902
"1629" 0.298918878536867 0.299663963659193 0.221256826332607 0.277141732602352 0.212713179876192 0.342685983791638 0.288458165719599 0.326537459714722 0.27754431364124 0.242151778307258
"1630" 0.262793511528004 0.294804121413079 0.244672777882339 0.236065165325234 0.325880590658038 0.292079148872115 0.286680645648915 0.267619323764491 0.324452680477944 0.334127841126799
"1631" 0.250158412140141 0.275262037839732 0.251263898896515 0.287994045893314 0.261979031357115 0.235629735955114 0.263392239422224 0.283233666529224 0.308446136487429 0.267044917409624
"1632" 0.223851425474421 0.233489381292885 0.230329094980593 0.228937780530745 0.255926731481985 0.22348612415127 0.272925428655936 0.241736933333733 0.232014186804802 0.229323134933447
"1633" 0.406901140323739 0.388355467553993 0.387368124787809 0.416684277983614 0.38611004689239 0.393768688127875 0.381308098440536 0.38009383345089 0.329625214682194 0.454931505298801
"1634" 0.332798015386075 0.319212808765099 0.395366045430623 0.329944180692254 0.333446765645635 0.298398838838955 0.347045901845211 0.40914997839499 0.306643549387919 0.371648916404023
"1635" 0.356555382818186 0.329444260639682 0.413128675434794 0.371046768273197 0.420988941001037 0.332945763392991 0.409600488867428 0.420904608161146 0.366384532645266 0.377915527474028
"1636" 0.369324952343533 0.317227644352292 0.36866075576409 0.352820957624422 0.356778100842593 0.330436910329568 0.319795859609925 0.322185666587262 0.33391209323192 0.369932569761909
"1637" 0.46645339462521 0.400725841206399 0.422308631513118 0.396065180948025 0.296909410359822 0.282879777435209 0.364324936614827 0.427450696735252 0.327210930106787 0.27348588764956
"1638" 0.323798408043476 0.432968908044754 0.438543717387097 0.399743794105617 0.370617169722711 0.284658272216873 0.381362467294256 0.447236695918087 0.351355175171204 0.375288329070897
"1639" 0.297463216527539 0.328997047907859 0.321907188925181 0.37467136231733 0.309164231875729 0.328131216286602 0.326800250125362 0.364905976429366 0.275131613111379 0.315659529935961
"1640" 0.18653665601713 0.261155181896001 0.302253398538349 0.249772899125642 0.294507642580849 0.215079530569565 0.237315919063985 0.276854366388502 0.246673979498015 0.184960347550149
"1641" 0.274223680940152 0.245494501067688 0.308203883847661 0.241074642949131 0.270051467746133 0.262116600666476 0.248609881615346 0.252153310524075 0.301998628063713 0.246488290952286
"1642" 0.549451197067545 0.555075437466565 0.627749590717245 0.55611022647606 0.547957718462201 0.44050855306696 0.562733591127265 0.563136058156846 0.566880106262897 0.522796115630609
"1643" 0.176968627852382 0.292606659509286 0.227385644500047 0.246853607795714 0.134325201810453 0.295526010809568 0.329403746301262 0.121879139308589 0.247984943851945 0.339612595671868
"1644" 0.256463991100776 0.363995002538542 0.326230522547113 0.457107685565455 0.252873910907408 0.280195686457209 0.347212031624084 0.349308729085523 0.421498604790977 0.371015619532945
"1645" 0.212410244051305 0.191423921560192 0.156814334689321 0.156242552578728 0.179010942529634 0.167451382508734 0.189213254366642 0.177590120007743 0.146863799193884 0.168118350583794
"1646" 0.330599873038932 0.331147542169606 0.277390883474817 0.282816318248183 0.314108822722464 0.314049573715548 0.330235343072273 0.32189647500168 0.246507065709441 0.274625021783361
"1647" 0.351697439104575 0.364643504389044 0.456673368015863 0.461530758866031 0.379237416259684 0.390153195533101 0.402431343346151 0.372791294540913 0.467437977575053 0.434578851228433
"1648" 0.216768256953507 0.207998228524675 0.259403429893204 0.201079822154123 0.250314434264225 0.264891255861045 0.257169504648871 0.219170409962688 0.234894125056252 0.245094059663268
"1649" 0.27949728805652 0.251839991699867 0.340743892378629 0.3011667582514 0.276730609776883 0.316908598632421 0.292739770484846 0.247882833722174 0.250655147569885 0.300296942056272
"1650" 0.147963921108392 0.212478739840637 0.166233222379658 0.200149223212142 0.188022564933985 0.155153852918427 0.189461391322648 0.151387386870748 0.182592337706458 0.142786333910142
"1651" 0.125641817373058 0.198002016941404 0.220906892454574 0.202270782250463 0.14265430455067 0.16001709526668 0.164751365145262 0.177513561020655 0.152697201489386 0.169886984668343
"1652" 0.217458478907421 0.233702973219447 0.209203508734488 0.249964969604265 0.22433730664841 0.204340859948851 0.229586922962301 0.224435513366646 0.265551660306839 0.218619230979407
"1653" 0.238873440595514 0.232081413769337 0.181861639093556 0.202686865123026 0.237593429432963 0.213955527661606 0.148156952168379 0.197396898670357 0.263793422182665 0.229686497758997
"1654" 0.35519723922014 0.29315271861145 0.276159166114031 0.250866912891999 0.330038455988713 0.32426148774983 0.281378288613612 0.338453240296153 0.297010355096557 0.265199102822376
"1655" 0.326698758707085 0.35453760274465 0.332548650264152 0.319676763852519 0.326477072899859 0.380458520861373 0.392694342563073 0.342769748882343 0.316296455684393 0.304623735974315
"1656" 0.239270421040105 0.238170668215609 0.21230947857829 0.283743179258819 0.236092255335369 0.274107389132762 0.296419963226384 0.232123388197505 0.308473940298724 0.215187979421156
"1657" 0.446795148594299 0.451932633552825 0.457676441006813 0.41255695018291 0.339143910370165 0.353047693012097 0.330959854222159 0.529606967602969 0.441129550944589 0.393062978200026
"1658" 0.223098421659193 0.254711570060825 0.195467333136465 0.205711712218423 0.223888327050691 0.240963016052076 0.201306224447912 0.274675582341546 0.209736645819243 0.214070063218421
"1659" 0.205048614459934 0.214838883675869 0.238102915403838 0.253309578178496 0.224823523287155 0.262820993905544 0.219556832842121 0.248386107189725 0.216073344166132 0.235644196357113
"1660" 0.387258854476257 0.330755078433174 0.307899960282383 0.355023694465241 0.322733573601362 0.353584505016276 0.366952804667791 0.371000869636088 0.332442251515116 0.33580348546946
"1661" 0.249059231625179 0.252485532745314 0.210445170135915 0.23353716427597 0.239996997775614 0.236896138029502 0.226851325395973 0.294364482579053 0.221670793937427 0.228521401439302
"1662" 0.584156495427488 0.592472314373185 0.662440509407064 0.689983475896152 0.584177384231747 0.500784065776868 0.573064112167587 0.650387734431126 0.643332094407705 0.565368135356964
"1663" 0.37864185827293 0.374658264912667 0.36351053654916 0.462873806607015 0.388248472198399 0.329783963707418 0.398780070875272 0.394441660581398 0.383719608858746 0.238183173431901
"1664" 0.420855868850741 0.377788906656806 0.437336490143781 0.467968689617631 0.41334974536463 0.435022914214866 0.456788757554234 0.422083339984599 0.407205973072406 0.347381933321239
"1665" 0.205651365611944 0.224237239855299 0.214910068953663 0.234049697247108 0.220913157455639 0.219049837628381 0.244243282570183 0.254570087414178 0.211396835087199 0.223216892558173
"1666" 0.256148512766474 0.213052672302372 0.285712324028511 0.305945649889753 0.285980276773018 0.299016570519089 0.232165641738508 0.329918185301383 0.33394983527263 0.27831617267614
"1667" 0.445735033421298 0.374611389367831 0.277970619745208 0.324819120848642 0.317119876185296 0.380832187180308 0.388534593874454 0.379685615694546 0.393129865376387 0.289051870139566
"1668" 0.207584680594641 0.232716487645444 0.158914787160834 0.207297044464165 0.221926869700946 0.240563888500723 0.302838239358257 0.187079673774425 0.22984044030656 0.196731438317251
"1669" 0.462555519004507 0.401351795354563 0.277646067367496 0.352351205390061 0.235407336219524 0.32180942939896 0.336261781076739 0.337992693912654 0.39204981112773 0.309107605944803
"1670" 0.518672524054613 0.549713024605365 0.626084322745404 0.580591746082995 0.570493790246948 0.543869307607142 0.602506602420273 0.578758325694268 0.529983716824319 0.561474470733415
"1671" 0.309817637748653 0.305575890730805 0.343641560011691 0.383678427363347 0.285228778333325 0.357181410506392 0.335952017817435 0.319834834397971 0.303966858010046 0.387987619659902
"1672" 0.345329966406487 0.304554684339904 0.400561760370783 0.343706757285848 0.320017746469076 0.432418854991909 0.397109766288484 0.372725358377517 0.359592301434716 0.41452345738823
"1673" 0.382713373272845 0.327912344434094 0.405318369817 0.370239914376249 0.326610380780306 0.37956938765681 0.351635858526033 0.367655527043243 0.367265168143213 0.390544672275594
"1674" 0.387442998227006 0.405288293482562 0.442352239442281 0.444213890074977 0.514043997130605 0.46054911587392 0.453802048797103 0.453149904795873 0.545796087765147 0.433495998583714
"1675" 0.25658708710137 0.234051274842766 0.250620623894296 0.289625544643103 0.249008866354233 0.242008884951613 0.214490511280816 0.248267342637743 0.303459870548526 0.207329268818531
"1676" 0.429030813793377 0.417403004316001 0.426224176350492 0.363027138377597 0.328382094157235 0.363576354843983 0.303464394043777 0.311775128850418 0.417980096815011 0.384258159413922
"1677" 0.179227611735537 0.222949811569101 0.160401450554355 0.17802419084582 0.145121535028152 0.16620192784387 0.152736293863337 0.209240645905983 0.154414629180544 0.187824038713162
"1678" 0.266402417429463 0.331004269221492 0.303815024873263 0.344583676920143 0.246434384770635 0.258559079808827 0.223153313063794 0.367298181121776 0.34732355502541 0.341913483660481
"1679" 0.395032108356518 0.285494182568862 0.404355884868991 0.476135590738301 0.459068157617607 0.431983918339755 0.50832180513181 0.342689913079653 0.477000721004637 0.44014322046762
"1680" 0.245883117133675 0.235675885504847 0.288584764484176 0.25038995952266 0.258377007139536 0.245365653932273 0.263603702114039 0.214038220846707 0.245067462087028 0.2490597512458
"1681" 0.349339809553924 0.29571344740426 0.400540119847354 0.360837333307104 0.380392952847977 0.360972291177473 0.314134168578695 0.281747271037215 0.337182227013866 0.343518048383344
"1682" 0.273354914003034 0.266111991189454 0.237868722380084 0.28642360737463 0.249783657032856 0.262073808019932 0.260288248114502 0.26524736956148 0.291311840275977 0.287500414454757
"1683" 0.345086351045808 0.347288229554216 0.430999119129318 0.379027570443575 0.493562449343053 0.372399362603404 0.368971307589388 0.36450565282467 0.513555729261207 0.492334262010693
"1684" 0.364317186343406 0.341812540889001 0.366721179515 0.358642151340714 0.229101893542698 0.343786110221751 0.376450159768711 0.392809000829818 0.256997841234695 0.236523457522881
"1685" 0.455084697590394 0.344132735169619 0.419201704388692 0.37797763619395 0.315754038861495 0.401310158588941 0.468742275739338 0.413018629896404 0.359339813235457 0.3331163450111
"1686" 0.525135106853891 0.547656068483257 0.516661152193826 0.410403616143942 0.387353589476201 0.425965566709514 0.511709807709087 0.457162319876621 0.414644328814004 0.434916123225314
"1687" 0.288831593646984 0.446767573667682 0.417860304749857 0.416419737661763 0.348028100204366 0.44974793143782 0.324004351747838 0.448801329536349 0.451600234006963 0.458387547942476
"1688" 0.338280755548518 0.385721956212744 0.418724551015576 0.367881224529291 0.370526215095275 0.44270101630039 0.392418646299479 0.419185061756432 0.390373724074815 0.436577253375422
"1689" 0.29986087881025 0.40185924253753 0.36563583084439 0.336174907998496 0.378330689665959 0.444011213912632 0.365107346900658 0.375724249966779 0.396950581939173 0.389557784876242
"1690" 0.298702142585967 0.34906294756397 0.388415478621576 0.436861510540104 0.358015867933386 0.358376572383298 0.421912712423788 0.394395870276012 0.530664104901342 0.445666250318924
"1691" 0.488034072995084 0.593392790483898 0.551170347531241 0.555944993622123 0.503243389304469 0.497301295769055 0.502658467865315 0.460292978529394 0.524543156960707 0.544445594541287
"1692" 0.277440569902899 0.558166546058448 0.260892533206082 0.264265110679303 0.287763154840299 0.287123097493035 0.351904312162182 0.282784198518873 0.284345977718518 0.267848056926838
"1693" 0.361206507259559 0.559165955204208 0.358954914839645 0.361252713090308 0.360686298350306 0.392461355917149 0.418698307558175 0.295845949857422 0.415235949646607 0.36066963598633
"1694" 0.268345588290494 0.41205624303249 0.23789271295166 0.193745399484846 0.244136581634688 0.256443200495928 0.203747867627593 0.203428555712273 0.225351925205315 0.248966027946889
"1695" 0.317535926850602 0.493894803787012 0.306517795544829 0.345283155399565 0.330793614580236 0.336898938143021 0.397706224343908 0.282096493275458 0.263100712052541 0.32586683737665
"1696" 0.354952996965928 0.36685773868919 0.321534693696376 0.334745500289666 0.385395809581147 0.445945429269564 0.393481111526925 0.495315034744254 0.363336028867297 0.384237326893599
"1697" 0.344413673541336 0.319992846421547 0.338257986840146 0.259990097187353 0.335869462835909 0.366294052698501 0.378318433545458 0.395902524739901 0.353319125018472 0.388156265084401
"1698" 0.187303584087059 0.240705562338208 0.248325650946449 0.230677556838406 0.253870259915352 0.283182523492617 0.252099832389925 0.26488076255546 0.255392005684118 0.226669164424511
"1699" 0.243588857707835 0.226979328583282 0.256261591675752 0.243517849149212 0.241489363470881 0.248368366625694 0.216718452412326 0.286178861384009 0.273828385103016 0.236544291991862
"1700" 0.334633475178628 0.347971199728206 0.302890657712213 0.268008693366283 0.340690359478982 0.387422453727676 0.366217536610466 0.474787335837507 0.31999847448645 0.333300779570251
"1701" 0.343412531544015 0.324655950566339 0.356777931189834 0.394758172293468 0.312972382559802 0.399424204061938 0.364524232076898 0.368970270757543 0.352133047966182 0.371324524086121
"1702" 0.257617766170461 0.270774230921356 0.23806995774921 0.271436108885129 0.251266338053519 0.245171855217845 0.270445509225067 0.28640678259199 0.251490045369674 0.248976495639702
"1703" 0.19909835388565 0.407653282667341 0.314521542216326 0.281886348072482 0.315672487783577 0.248429696699541 0.305858173431491 0.33097551481477 0.337339977940303 0.30770736782702
"1704" 0.154549912218988 0.201510201991256 0.270743623725217 0.196096913511544 0.200161471353998 0.163913152761007 0.216147786005926 0.210924317669261 0.224428572756901 0.169410790796199
"1705" 0.277740628802737 0.222360660594803 0.207687543429161 0.213363697217706 0.187188535591809 0.237237290899616 0.212047729511996 0.234525704019598 0.143405329720523 0.30781452994126
"1706" 0.221645313625327 0.125034760418035 0.124668642529574 0.196747148403326 0.115873015398262 0.142412055743732 0.169254819609854 0.0936032063702021 0.156582947264483 0.199609679921715
"1707" 0.107531477114223 0.122351502802634 0.116780842784936 0.152534994950291 0.127841595541231 0.119221417252421 0.127383415528025 0.113322629167177 0.133283429790606 0.211210794008561
"1708" 0.359209067302655 0.52961348396114 0.398290828718549 0.395390706074179 0.348143273699791 0.310441421258759 0.362429725435722 0.381089600167625 0.530212477438367 0.473108216393353
"1709" 0.21210185700274 0.237320150723268 0.202067905346494 0.190672107481234 0.189823046922568 0.203997628698278 0.129376649165838 0.215760554374542 0.214217687508241 0.185571968815996
"1710" 0.256668341462824 0.366276504819952 0.350658887816691 0.269019672708447 0.206139135063929 0.276823256607596 0.273007615950528 0.218243166806026 0.308771201006775 0.253050444997468
"1711" 0.485422781240001 0.474446546466625 0.553036602147259 0.467007184594058 0.480864671407775 0.546938266305414 0.488124139784954 0.449301574284641 0.477693454581341 0.519710893830388
"1712" 0.304671912614935 0.30956681756794 0.344212676199856 0.32840339966641 0.298002169605692 0.288723859506095 0.234318567990964 0.241568064420596 0.177668954091471 0.385804256167384
"1713" 0.493637149574445 0.568999605578624 0.484892591048844 0.61257651192969 0.61134652887554 0.555951643327818 0.594944273649195 0.587525453942396 0.584115302061358 0.600881649286145
"1714" 0.195207162611102 0.241557383900735 0.218457520256646 0.235703607608458 0.215162192314576 0.22946908525977 0.215270564263798 0.246003185014281 0.245554431816452 0.189149234402739
"1715" 0.314967439308026 0.383705021307525 0.330124461367809 0.448473252913047 0.350338344650396 0.318186085400615 0.378643039981992 0.333828518133418 0.322453906572002 0.36195180643874
"1716" 0.2973319797021 0.319134229140891 0.343011342637052 0.421416983636414 0.372688533452932 0.31963068615166 0.407759621966423 0.299748918264962 0.353791453586538 0.320998951499438
"1717" 0.321863143098607 0.319788374489574 0.305055055638908 0.410610632809941 0.383589491892049 0.308480816660108 0.430809206110972 0.332145880260955 0.386515507977445 0.349823155486995
"1718" 0.354902907797774 0.409569793679349 0.388595002195301 0.40652416608346 0.432810173669082 0.40389066621067 0.423942091788128 0.373129903942229 0.446180238990737 0.423306448950883
"1719" 0.360457293762686 0.412836460346015 0.387502714613601 0.409529746777276 0.434499928358836 0.399765626030663 0.420322903570172 0.364364769077094 0.44473139622655 0.420489782284216
"1720" 0.385152446104252 0.537500787418618 0.387370568272451 0.42242040192018 0.317349759453273 0.384806402714051 0.366240770180721 0.436587105831084 0.390583055558301 0.318301883021678
"1721" 0.244590017076533 0.534153015328272 0.327234447784828 0.28943910535255 0.269340785590678 0.246455091068371 0.28808604673171 0.3175126594025 0.27449400883145 0.226451783366361
"1722" 0.35680848252731 0.619226408326839 0.417501975061869 0.425439257111357 0.377904075310948 0.405073535122184 0.423424256590949 0.439443498795592 0.404144931834941 0.400333916827533
"1723" 0.267754937309977 0.418915021756162 0.208707987045074 0.239354357934735 0.261367653156309 0.245029451753434 0.254924810533628 0.224026013861735 0.204614512212553 0.216221562645388
"1724" 0.340756190975868 0.58212047324362 0.398740380431928 0.371173766971959 0.358536600175921 0.34732886495088 0.383611235232292 0.395253064359368 0.37166296153762 0.377654514012025
"1725" 0.742581596794032 0.592676533541787 0.58109974556372 0.593096496693698 0.650654706462472 0.437639325664706 0.61470141670196 0.655229848969502 0.533973712569935 0.620259488788552
"1726" 0.181247499839194 0.194802082109571 0.16557321879963 0.213161179705669 0.216431916249993 0.189042394492821 0.152081305719418 0.228090942121928 0.191471742490055 0.227434926951576
"1727" 0.210779728922783 0.213626403989258 0.212758925188395 0.295162489932916 0.215375663991738 0.224392472528175 0.204894417404065 0.241823978321192 0.217717647038393 0.298933792012651
"1728" 0.247006505665188 0.206791133663982 0.187844490281585 0.237624737814903 0.258881259001592 0.165272536662897 0.205000585129901 0.275004788938956 0.206738716504339 0.23496076284507
"1729" 0.504945727458968 0.35057281358135 0.396147508270886 0.312732609113759 0.41023131191854 0.421428486534634 0.373710706016908 0.416480768079586 0.37411294074522 0.415810291464396
"1730" 0.311114674103303 0.253410660032063 0.220882474156795 0.215634876244061 0.207453529640546 0.210257268603167 0.231340707782667 0.22238935865067 0.235531417356086 0.224589633970276
"1731" 0.396221845442642 0.377788550669798 0.325101219720658 0.326211936718363 0.410812280376057 0.38232084305579 0.384384187250846 0.268163986795702 0.255213992828669 0.331010559950879
"1732" 0.353747353982159 0.346473414592449 0.285576966964298 0.305015092427599 0.352406377162269 0.354377013607056 0.313933334853496 0.243994376823999 0.241155506455175 0.307863691489963
"1733" 0.168711267079157 0.201008567238113 0.23089867534985 0.209856937623093 0.232278677867288 0.248076295967382 0.110705941631544 0.227683780990742 0.214695944539493 0.250843740744374
"1734" 0.664438561659052 0.687186554162497 0.623673947354056 0.657797383768016 0.637734281715625 0.56154050540678 0.647193129289272 0.615613580659033 0.644047998835625 0.64923945234351
"1735" 0.530724333240607 0.56134281508122 0.574639086273246 0.536621227261312 0.55822761072012 0.428481456776915 0.487150851073151 0.531690746946007 0.58427297430129 0.601433411337913
"1736" 0.596200827293304 0.670852715771044 0.575702420676719 0.614243484318488 0.605431803316065 0.499040531644521 0.582569894938022 0.624136400472132 0.622230969885726 0.635684681292188
"1737" 0.499867486197208 0.521324943544681 0.518083866953042 0.429153120012899 0.494202298474941 0.450084390446435 0.443803135779172 0.5331216667754 0.419488241176779 0.486153948712029
"1738" 0.300756639141002 0.411390724775618 0.430287994191564 0.348511376621052 0.394875182156594 0.285267634545629 0.389655187723041 0.411146148445845 0.337171933368891 0.41489441807781
"1739" 0.410735979339271 0.491316336628197 0.50866000612967 0.527489990463391 0.455741606870374 0.531098629874759 0.507142498872579 0.477743717297934 0.515469632639668 0.500303784193895
"1740" 0.23859216519491 0.23698571436979 0.282414151270572 0.241722970992915 0.252380802080136 0.185204094516682 0.158363555164608 0.257042916607084 0.302387555633375 0.287188118101064
"1741" 0.196439176493525 0.166691741007745 0.191806742179515 0.184469731810636 0.133143526667963 0.176290890125361 0.143786638482996 0.181006704558395 0.170728926068395 0.205551444020934
"1742" 0.334152998028935 0.396375281752892 0.26656495910759 0.288892144210988 0.273460694450424 0.367608514919748 0.425071300006178 0.389282936370174 0.266766549071881 0.250331385779943
"1743" 0.183317743138429 0.189859702410691 0.192597618919165 0.191658545155591 0.181517846504331 0.213248009605702 0.202665970377362 0.231547845281316 0.209562341863441 0.209723313028425
"1744" 0.537319174288945 0.541396352481847 0.623477919328011 0.586855202458526 0.556009476138151 0.52437320047671 0.507327090543574 0.458206999662366 0.522518783042013 0.586268374677376
"1745" 0.29928077948277 0.37402533227601 0.290457125383959 0.316393839498914 0.365597336704376 0.317178942231626 0.333907660675605 0.299439052088955 0.329818603203587 0.337095649298015
"1746" 0.118858856711792 0.201372055734712 0.172389944095929 0.180482628399888 0.163107187080643 0.12747185081613 0.170876703964506 0.108644432338736 0.189892218227758 0.134622052748141
"1747" 0.167892477901592 0.200151856303342 0.261100976900451 0.246477336497998 0.214701397949762 0.173014195524321 0.20874631144147 0.182941788976865 0.215708082347028 0.184253455784116
"1748" 0.128078013685703 0.203800125153646 0.17790066135246 0.198797032892886 0.186315366727867 0.134222520966884 0.168884463242947 0.133781347388325 0.189102502826072 0.140286820947538
"1749" 0.284791452777358 0.297340872386186 0.301644222609609 0.300065313942998 0.300844679745684 0.292594646481224 0.27581618468541 0.261589050464102 0.292146707017496 0.295124043699259
"1750" 0.208175207400866 0.24930092692219 0.209464236212469 0.206316737403765 0.236887872599797 0.213540470440114 0.144851847854602 0.165906662186286 0.148264394809684 0.161052593737843
"1751" 0.158326804937101 0.166629677579152 0.16252898303354 0.185583647706579 0.165550716982079 0.196695677158775 0.158894317993969 0.174430232138188 0.151761488333605 0.180680149133034
"1752" 0.255338910724821 0.258917410382886 0.250331357382491 0.247650361311001 0.268532340649787 0.317776601016156 0.297655261374945 0.330431608123316 0.183229753201519 0.207532422592463
"1753" 0.307802764975422 0.304259333180218 0.294388996655933 0.299351088860759 0.323813386542763 0.356484993680136 0.356591419505143 0.343332654151068 0.173949128884599 0.19772254529973
"1754" 0.604444208755301 0.428761876302671 0.522059715963678 0.597420124024803 0.601173329545898 0.648265504324536 0.610515912796055 0.526999179533003 0.633182875204125 0.443365149339012
"1755" 0.352109083527086 0.337542995661552 0.315493574813328 0.2644534878271 0.436744279587134 0.227297247799645 0.339871489626877 0.350866904356336 0.335518599929211 0.324636264164866
"1756" 0.273941884655069 0.292861582799545 0.322726132538145 0.263765209400655 0.312536862323867 0.318933140270595 0.166783051940228 0.273481727618702 0.275894395869696 0.318994976476353
"1757" 0.266956766798006 0.292986940190006 0.333964574395242 0.309374117845893 0.328990012139634 0.264448943452404 0.239944694209042 0.338581847987691 0.386251721487455 0.314903814189294
"1758" 0.472106432155399 0.476005256310446 0.448949605971458 0.420885852220078 0.422652766575729 0.444857733571306 0.393977632624351 0.477512426248172 0.449539024517384 0.370818588285102
"1759" 0.366467441264405 0.266992880925697 0.319416437644051 0.312371083045741 0.25535524902826 0.295233017391509 0.413572911828673 0.312891058621524 0.318472013265947 0.330895209078852
"1760" 0.271553463016805 0.219406138630155 0.221942075854888 0.248640813089648 0.256783737146575 0.237620532639527 0.272849091388919 0.267922035720664 0.243387738307597 0.228861130798493
"1761" 0.318458788099423 0.295759266735195 0.322335721984631 0.341823562750102 0.340363982207532 0.333183023359624 0.381196662043623 0.322447303986943 0.345517072513769 0.324638240991865
"1762" 0.300901613152654 0.250183089768002 0.250467154960687 0.27167465445075 0.264727156423698 0.251999774010737 0.308488372601476 0.286977002603229 0.287930563337207 0.252697352039772
"1763" 0.226448804411414 0.169894432503528 0.15556044939511 0.161520905688508 0.159934246749698 0.169032217440693 0.217359294956983 0.169137062664378 0.17279487525188 0.153714101623302
"1764" 0.379219985245303 0.494300768524642 0.422023146189711 0.40340903366806 0.405282961951496 0.235264024891372 0.420665004122905 0.446633536830123 0.45171927599122 0.228931466290168
"1765" 0.347834296435623 0.414631141669907 0.380102361429593 0.356647279775291 0.366229393607499 0.261824256417129 0.382510290361982 0.41489009969791 0.379230879248555 0.259723629256792
"1766" 0.282069264863903 0.360158117999985 0.299578063632467 0.305019083529296 0.305811079098866 0.243940928641448 0.341552503189808 0.266837802100551 0.24448588228217 0.238883843134336
"1767" 0.306680396404996 0.348212467746696 0.283252808222737 0.323532428303853 0.314223200954851 0.32661686063261 0.368349237950981 0.242087194507867 0.240889558543215 0.28785917974405
"1768" 0.251397474154247 0.386455249689719 0.253719232342543 0.251534393473256 0.284141146872057 0.254792872764513 0.272922437745424 0.317961279721048 0.274071203431425 0.236606615112745
"1769" 0.315786676005639 0.314529436243844 0.29969557355622 0.36850241221794 0.331781762387523 0.30064765406305 0.276262991366206 0.405617709427732 0.268354216189613 0.272359470603999
"1770" 0.188132873339226 0.209087810753147 0.135008084058176 0.231517015900698 0.182291468467167 0.181046129233729 0.199796844670413 0.193031909763489 0.196029784025993 0.2113808437388
"1771" 0.185228638320798 0.19163164253643 0.185954625992461 0.194188603018814 0.170385865893262 0.149187134123648 0.191268187875509 0.185044769202439 0.182424859630217 0.120791042608215
"1772" 0.331272123894891 0.36282598933689 0.270437165606338 0.328844349963289 0.276872112780572 0.292851866561833 0.236733336610022 0.271962762980614 0.284138207217115 0.280234206633764
"1773" 0.401006401546912 0.346508571797211 0.396270636882613 0.396159492528968 0.366188505711041 0.405161711784779 0.391856318583521 0.401562026607993 0.4767237743951 0.396555451247564
"1774" 0.426871984887584 0.360411402132 0.406270199796361 0.372033561637193 0.29645126198105 0.399149600809695 0.366130572098191 0.396614779352493 0.401243613836207 0.429599842652829
"1775" 0.304778555764629 0.220496138381711 0.260232868345753 0.234655977301048 0.30617818435832 0.28959628377455 0.26311942313586 0.293401300274406 0.296790409716915 0.243966349120332
"1776" 0.185633608783314 0.218699536673142 0.176570797996308 0.179907644939574 0.177124426085975 0.148106459177428 0.195522804007095 0.193302457538847 0.166835172967608 0.150876422517633
"1777" 0.308965307909427 0.29843348253059 0.316745761562891 0.274298084934149 0.352862106989059 0.313549966680693 0.317570282137375 0.269245056688704 0.424155563250913 0.337275693980522
"1778" 0.321447544034195 0.269699589011877 0.310540778982797 0.27336501509451 0.307924900039283 0.338432962473666 0.258635555889904 0.264803102152863 0.339755604718268 0.337042517583195
"1779" 0.189996090718223 0.346599489458752 0.373083658514326 0.298508063002623 0.433610428021093 0.414835254241654 0.439486928593743 0.426720972127122 0.33619199661932 0.393884674147813
"1780" 0.295270649654884 0.255562739888073 0.214625235121783 0.214618081086485 0.263549197489863 0.251214872514535 0.246670448621791 0.307465204522788 0.21582424787306 0.249874319933667
"1781" 0.372841874899609 0.351006380921245 0.363608779779376 0.358944276113599 0.281406731383676 0.365328209732286 0.340143662588936 0.362249625527937 0.31768814164405 0.403053770232978
"1782" 0.182667420323635 0.212835943501251 0.174495389544743 0.197000537576219 0.148404723899219 0.246242439935126 0.178687225455961 0.19000670594142 0.292905651058435 0.197891648144358
"1783" 0.227939469993541 0.259985501000685 0.264319922007935 0.253310384865308 0.2102570879629 0.22073124021477 0.213408913458928 0.218635992213215 0.261921317988354 0.198931573871858
"1784" 0.420113673835096 0.398772858596589 0.432657171356648 0.497699542707446 0.426984392166984 0.468133198797469 0.370864536393326 0.401176605175622 0.354345773011975 0.405913178987943
"1785" 0.433976105755151 0.395937916667249 0.427229628850103 0.444258446349506 0.395924932909874 0.439584364438312 0.366334941615277 0.365316417348291 0.396342029461942 0.466621246849684
"1786" 0.443069664481071 0.381611367402156 0.441207379454436 0.415832456813323 0.412660047853363 0.450108350780494 0.410299916414629 0.339495036940042 0.356358906402254 0.44287907356329
"1787" 0.391161741670306 0.354378343932555 0.356421953159423 0.399925151135694 0.347558406097334 0.35688484980728 0.304313623460092 0.362825583580297 0.378784756718567 0.292978616016635
"1788" 0.508127252218576 0.4917187174059 0.333952232318743 0.482067551234431 0.400093647464772 0.385147230863213 0.401650277654773 0.505538912766628 0.472714522947889 0.287032809033199
"1789" 0.21127459161184 0.183040984220937 0.265200767748743 0.216414779135346 0.243491617107264 0.218931854875861 0.211779554951214 0.201349908455284 0.223256559083542 0.222517098491026
"1790" 0.331770822620377 0.311135350277925 0.433611018105102 0.355043229906987 0.288579557163868 0.400106399775922 0.379089084735972 0.346124510484556 0.3708908165078 0.33817277525292
"1791" 0.258276127994917 0.206772926366637 0.221485600459009 0.200546906446032 0.252510951662208 0.238613367229633 0.329317787958471 0.197253221989089 0.188807240348642 0.266078866379718
"1792" 0.245434627512095 0.30542341534772 0.271069815945499 0.263997171320201 0.310086246009266 0.313305761772268 0.290452601261537 0.275395536614608 0.273206250797101 0.360942352055663
"1793" 0.49047246419283 0.467628899643559 0.524726044339691 0.593709375079107 0.5162599404437 0.575253171801565 0.57387933380149 0.533410499986592 0.365869558506148 0.467784495346129
"1794" 0.279593592044321 0.217731114639309 0.237434816397469 0.32358422889679 0.30522190579979 0.278257354034397 0.262919992329092 0.31995690492627 0.279783936044632 0.235959923042439
"1795" 0.22475160169151 0.241219701846067 0.214610888422249 0.206472166878527 0.218828528868013 0.205999937191191 0.234158961300567 0.233908019487613 0.158970385956084 0.19000113152627
"1796" 0.133312206200911 0.159776045324129 0.169909333214045 0.162276404370442 0.167369721695343 0.143173763393025 0.113304082432506 0.149638304927989 0.143513799448617 0.172132273100651
"1797" 0.379910001218466 0.350659144527689 0.316644470392751 0.345638797979098 0.301281522424665 0.428511435301028 0.331215449821659 0.310610975242969 0.373803549216496 0.346730703212926
"1798" 0.244968245002214 0.207772996474474 0.28186564741085 0.27016004945576 0.32186236588177 0.226017983806193 0.191023916757481 0.289753835417994 0.226416462337007 0.277689491596026
"1799" 0.431985279446848 0.356114016434363 0.358792172741573 0.347845656941919 0.347654903233296 0.3501835435802 0.418192080270205 0.377120024835874 0.445375034292507 0.284513377894977
"1800" 0.355987377180998 0.319896123825725 0.230952386251611 0.24111316635936 0.302495525140947 0.282102978394127 0.339272433811231 0.252634294162897 0.30682086871083 0.328212199056087
"1801" 0.260732476852531 0.163996724640011 0.257733384010097 0.214970283566651 0.230167261288225 0.182204535000501 0.209945860680364 0.203344168957272 0.183179297027022 0.230398535620955
"1802" 0.228365774277654 0.193659034395841 0.189931202297924 0.229036444497849 0.213760849035947 0.233727644591312 0.19771752062263 0.205348438018814 0.218168143342083 0.261554308985975
"1803" 0.323530212312842 0.279921966056528 0.417997372557868 0.424628569815508 0.373453127267254 0.38725655695999 0.418253532865456 0.370099539626799 0.241497968432123 0.335142502199377
"1804" 0.188109654277186 0.186932055837329 0.164249066439532 0.156805055813795 0.182203419153811 0.187867428169719 0.21492420566389 0.209618424450986 0.168855010190743 0.242047927876231
"1805" 0.140606351178981 0.190171732798107 0.205633536709956 0.147627855610124 0.162018455893661 0.132693795517383 0.1607309420125 0.20084278265885 0.163585319192748 0.162996864852278
"1806" 0.212031227872436 0.167337580360681 0.21310448046987 0.239515530037283 0.245145543774572 0.170755626304891 0.248859806335002 0.292672180450251 0.173914382747098 0.259736813339602
"1807" 0.5763196757349 0.61572987984693 0.675068475103447 0.664329598595612 0.633714962566797 0.665522241460649 0.649298464935888 0.638833219046866 0.643060979847335 0.567477061537601
"1808" 0.302615886962092 0.384817898264075 0.409367423370479 0.380879066268154 0.351004283928798 0.341852136632209 0.284748435841399 0.314632088302697 0.287831447177783 0.334282941846737
"1809" 0.392724577569071 0.498188893747399 0.529212604863592 0.432052780915586 0.429378573748327 0.507307979286767 0.40556214038187 0.443976982149904 0.404888799200364 0.415327860619293
"1810" 0.194754000927417 0.2230564557604 0.310547653396416 0.205283009418657 0.258417407731815 0.234907067104551 0.251735033618053 0.269036837976352 0.206299076611876 0.227259943468415
"1811" 0.371532828256365 0.32599923669635 0.320593433217634 0.356190101874222 0.33028262183239 0.251307402762977 0.390039741693584 0.338931120871006 0.367068700213839 0.315889909080153
"1812" 0.391754451887329 0.395588512316866 0.388746989927304 0.420080136909683 0.419815393887658 0.377467500327117 0.442520037726864 0.443702957079057 0.397120826717927 0.39721119940727
"1813" 0.3344123625987 0.294783172084289 0.300791136886639 0.294538673123238 0.338141884498458 0.28623700035018 0.353383720092513 0.327953120918484 0.355492206920287 0.348286236561968
"1814" 0.583012407672912 0.412456822414656 0.561771576353588 0.404174204584483 0.450012205325053 0.419186775684392 0.406311125900767 0.620788695125319 0.435663288911276 0.367264668802395
"1815" 0.263511582178167 0.213887564997658 0.147655791124229 0.202933164231378 0.153932953391056 0.242924316940102 0.1981044906075 0.306504081859607 0.170681595631922 0.198746574588666
"1816" 0.315106617615791 0.274595515698605 0.228596455957652 0.269707020635663 0.2328872425096 0.246042914219567 0.299056279828374 0.277342619613958 0.250401251044217 0.278902947511571
"1817" 0.345331087454691 0.331377906129207 0.354432755559472 0.418503753717055 0.377490768764474 0.356345440606946 0.374811726364553 0.38709208217074 0.386932369371349 0.422162903767098
"1818" 0.374365553027484 0.350091904926505 0.419935026180841 0.239360550299986 0.374350024107765 0.34725615617727 0.353489492451924 0.361301147798524 0.369523719845811 0.354132074860223
"1819" 0.496776658800161 0.574157180068834 0.578283492640896 0.579268619595142 0.533194219173676 0.522590418301736 0.580071169238929 0.554602074756493 0.572151863488354 0.47173677453337
"1820" 0.292616380483213 0.276805092661391 0.339675932581636 0.279901092019302 0.300659206248976 0.29849808993232 0.277785660179372 0.361831340928583 0.269155580182495 0.254571269987123
"1821" 0.294897883493234 0.291127437195129 0.270715375756839 0.297088294214385 0.247006529583503 0.306734203196064 0.276780994041852 0.258987604342406 0.29667336589626 0.28476196037492
"1822" 0.521291757666479 0.571020552988664 0.548758882239169 0.52467868269289 0.440374718330099 0.459894845041482 0.502812083796082 0.585326424210924 0.58146431113027 0.609730023964554
"1823" 0.256252478441326 0.239760271301602 0.228628173456962 0.208133627012648 0.218563653920097 0.18557060648639 0.166697491749982 0.257987492242052 0.223408805958209 0.199656780396082
"1824" 0.420005160665574 0.397519716082112 0.346277476604925 0.346672644301098 0.248882580278463 0.389840106319132 0.375623788169123 0.371852895647115 0.342970046346109 0.333073218452262
"1825" 0.366979291855242 0.337314587999013 0.286964246059197 0.276089564554004 0.375915092367491 0.402670756032863 0.386179921344984 0.40110628679414 0.340966929568654 0.219879817596617
"1826" 0.258683196007231 0.2377296927002 0.200442469702117 0.239710149844866 0.260913275707185 0.228954456240759 0.221172636139676 0.231160865917938 0.227969332951387 0.172202690023113
"1827" 0.543964547918591 0.592792457771001 0.556411946493456 0.452813439031225 0.544797190311366 0.462371311517534 0.543476825501104 0.530515013442253 0.552007474380237 0.621963566077297
"1828" 0.157173577323979 0.185714148152625 0.162389533428536 0.177592692917419 0.273889863694522 0.195074797934718 0.158503487214933 0.16198976106205 0.206064136488899 0.214644594446775
"1829" 0.296698890307371 0.385660255823915 0.363943925838788 0.316718910287418 0.387616787968835 0.365272071177931 0.413301569013768 0.385773786950522 0.348769063742169 0.345662721690545
