"V1" "V2" "V3" "V4" "V5"
"1" 0.37015503875969 0.361003861003861 0.367158671586716 0.386694386694387 0.37344398340249
"2" 0.37015503875969 0.361003861003861 0.367158671586716 0.386694386694387 0.37344398340249
"3" 0.11864406779661 0.267015706806283 0.279591836734694 0.265330188679245 0.274590163934426
"4" 0.11864406779661 0.267015706806283 0.279591836734694 0.265330188679245 0.274590163934426
"5" 0.11864406779661 0.267015706806283 0.279591836734694 0.265330188679245 0.274590163934426
"6" 0.255639097744361 0.267015706806283 0.263329706202394 0.26255230125523 0.274590163934426
"7" 0.255639097744361 0.267015706806283 0.263329706202394 0.26255230125523 0.274590163934426
"8" 0.255639097744361 0.267015706806283 0.263329706202394 0.26255230125523 0.274590163934426
"9" 0.255639097744361 0.267015706806283 0.263329706202394 0.26255230125523 0.274590163934426
"10" 0.255639097744361 0.267015706806283 0.263329706202394 0.26255230125523 0.274590163934426
"11" 0.370808678500986 0.361003861003861 0.369731800766284 0.36084452975048 0.366471734892788
"12" 0.370808678500986 0.361003861003861 0.369731800766284 0.36084452975048 0.366471734892788
"13" 0.370808678500986 0.361003861003861 0.369731800766284 0.36084452975048 0.366471734892788
"14" 0.370808678500986 0.361003861003861 0.369731800766284 0.36084452975048 0.366471734892788
"15" 0.370808678500986 0.361003861003861 0.369731800766284 0.36084452975048 0.366471734892788
"16" 0.374269005847953 0.361702127659574 0.375954198473282 0.36734693877551 0.369202226345083
"17" 0.25748502994012 0.261521972132905 0.263329706202394 0.258343634116193 0.259975816203144
"18" 0.25748502994012 0.261521972132905 0.263329706202394 0.258343634116193 0.259975816203144
"19" 0.25748502994012 0.261521972132905 0.263329706202394 0.258343634116193 0.259975816203144
"20" 0.25748502994012 0.261521972132905 0.263329706202394 0.258343634116193 0.259975816203144
"21" 0.25748502994012 0.267015706806283 0.245210727969349 0.259782608695652 0.268703898840885
"22" 0.25748502994012 0.267015706806283 0.245210727969349 0.259782608695652 0.268703898840885
"23" 0.364468864468864 0.361003861003861 0.375954198473282 0.386694386694387 0.373626373626374
"24" 0.318181818181818 0.276955602536998 0.245210727969349 0.258343634116193 0.259975816203144
"25" 0.318181818181818 0.276955602536998 0.245210727969349 0.258343634116193 0.259975816203144
"26" 0.318181818181818 0.276955602536998 0.245210727969349 0.258343634116193 0.259975816203144
"27" 0.292682926829268 0.276955602536998 0.245210727969349 0.258343634116193 0.259975816203144
"28" 0.374269005847953 0.377862595419847 0.375954198473282 0.36734693877551 0.369202226345083
"29" 0.374269005847953 0.377862595419847 0.375954198473282 0.36734693877551 0.369202226345083
"30" 0.374269005847953 0.377862595419847 0.375954198473282 0.36734693877551 0.369202226345083
"31" 0.374269005847953 0.377862595419847 0.375954198473282 0.36734693877551 0.369202226345083
"32" 0.374269005847953 0.377862595419847 0.375954198473282 0.36734693877551 0.369202226345083
"33" 0.374269005847953 0.361003861003861 0.369731800766284 0.367424242424242 0.368320610687023
"34" 0.374269005847953 0.361003861003861 0.369731800766284 0.367424242424242 0.368320610687023
"35" 0.374269005847953 0.361003861003861 0.369731800766284 0.367424242424242 0.368320610687023
"36" 0.374269005847953 0.361003861003861 0.369731800766284 0.367424242424242 0.368320610687023
"37" 0.364468864468864 0.380761523046092 0.374501992031873 0.370093457943925 0.373626373626374
"38" 0.364468864468864 0.380761523046092 0.374501992031873 0.370093457943925 0.373626373626374
"39" 0.364468864468864 0.380761523046092 0.374501992031873 0.370093457943925 0.373626373626374
"40" 0.364468864468864 0.380761523046092 0.374501992031873 0.370093457943925 0.373626373626374
"41" 0.364468864468864 0.380761523046092 0.374501992031873 0.370093457943925 0.373626373626374
"42" 0.25748502994012 0.276955602536998 0.245210727969349 0.26255230125523 0.241551939924906
"43" 0.25748502994012 0.276955602536998 0.245210727969349 0.26255230125523 0.241551939924906
"44" 0.25748502994012 0.276955602536998 0.245210727969349 0.26255230125523 0.241551939924906
"45" 0.25748502994012 0.276955602536998 0.245210727969349 0.26255230125523 0.241551939924906
"46" 0.25748502994012 0.276955602536998 0.245210727969349 0.26255230125523 0.241551939924906
"47" 0.37015503875969 0.36996336996337 0.367158671586716 0.36734693877551 0.369202226345083
"48" 0.37015503875969 0.36996336996337 0.367158671586716 0.36734693877551 0.369202226345083
"49" 0.253333333333333 0.263473053892216 0.279591836734694 0.258343634116193 0.259975816203144
"50" 0.371647509578544 0.36996336996337 0.363813229571984 0.367424242424242 0.373626373626374
"51" 0.371647509578544 0.36996336996337 0.363813229571984 0.367424242424242 0.373626373626374
"52" 0.371647509578544 0.36996336996337 0.363813229571984 0.367424242424242 0.373626373626374
"53" 0.371647509578544 0.36996336996337 0.363813229571984 0.367424242424242 0.373626373626374
"54" 0.374269005847953 0.377862595419847 0.374501992031873 0.386694386694387 0.366471734892788
"55" 0.374269005847953 0.377862595419847 0.374501992031873 0.386694386694387 0.366471734892788
"56" 0.374269005847953 0.377862595419847 0.374501992031873 0.386694386694387 0.366471734892788
"57" 0.374269005847953 0.377862595419847 0.374501992031873 0.386694386694387 0.366471734892788
"58" 0.392523364485981 0.276955602536998 0.383333333333333 0.403669724770642 0.268703898840885
"59" 0.255639097744361 0.267015706806283 0.245210727969349 0.259782608695652 0.274590163934426
"60" 0.255639097744361 0.267015706806283 0.245210727969349 0.259782608695652 0.274590163934426
"61" 0.255639097744361 0.267015706806283 0.245210727969349 0.259782608695652 0.274590163934426
"62" 0.255639097744361 0.267015706806283 0.245210727969349 0.259782608695652 0.274590163934426
"63" 0.371647509578544 0.380761523046092 0.375954198473282 0.36734693877551 0.373626373626374
"64" 0.371647509578544 0.380761523046092 0.375954198473282 0.36734693877551 0.373626373626374
"65" 0.371647509578544 0.380761523046092 0.375954198473282 0.36734693877551 0.373626373626374
"66" 0.371647509578544 0.380761523046092 0.375954198473282 0.36734693877551 0.373626373626374
"67" 0.371647509578544 0.380761523046092 0.375954198473282 0.36734693877551 0.373626373626374
"68" 0.25748502994012 0.267015706806283 0.245210727969349 0.26255230125523 0.273942093541203
"69" 0.25748502994012 0.267015706806283 0.245210727969349 0.26255230125523 0.273942093541203
"70" 0.255639097744361 0.261521972132905 0.263329706202394 0.265330188679245 0.274590163934426
"71" 0.255639097744361 0.261521972132905 0.263329706202394 0.265330188679245 0.274590163934426
"72" 0.255639097744361 0.261521972132905 0.263329706202394 0.265330188679245 0.274590163934426
"73" 0.255639097744361 0.261521972132905 0.263329706202394 0.265330188679245 0.274590163934426
"74" 0.370808678500986 0.380761523046092 0.374501992031873 0.386694386694387 0.37344398340249
"75" 0.370808678500986 0.380761523046092 0.374501992031873 0.386694386694387 0.37344398340249
"76" 0.370808678500986 0.380761523046092 0.374501992031873 0.386694386694387 0.37344398340249
"77" 0.370808678500986 0.380761523046092 0.374501992031873 0.386694386694387 0.37344398340249
"78" 0.370808678500986 0.380761523046092 0.374501992031873 0.386694386694387 0.37344398340249
"79" 0.370808678500986 0.377862595419847 0.363813229571984 0.370093457943925 0.366471734892788
"80" 0.370808678500986 0.377862595419847 0.363813229571984 0.370093457943925 0.366471734892788
"81" 0.370808678500986 0.377862595419847 0.363813229571984 0.370093457943925 0.366471734892788
"82" 0.370808678500986 0.377862595419847 0.363813229571984 0.370093457943925 0.366471734892788
"83" 0.370808678500986 0.377862595419847 0.363813229571984 0.370093457943925 0.366471734892788
"84" 0.25748502994012 0.263473053892216 0.263329706202394 0.265330188679245 0.268703898840885
"85" 0.25748502994012 0.263473053892216 0.263329706202394 0.265330188679245 0.268703898840885
"86" 0.25748502994012 0.263473053892216 0.263329706202394 0.265330188679245 0.268703898840885
"87" 0.25748502994012 0.263473053892216 0.263329706202394 0.265330188679245 0.268703898840885
"88" 0.25748502994012 0.263473053892216 0.263329706202394 0.265330188679245 0.268703898840885
"89" 0.25748502994012 0.267015706806283 0.273381294964029 0.275607180570222 0.241551939924906
"90" 0.25748502994012 0.267015706806283 0.273381294964029 0.275607180570222 0.241551939924906
"91" 0.25748502994012 0.267015706806283 0.273381294964029 0.275607180570222 0.241551939924906
"92" 0.25748502994012 0.267015706806283 0.273381294964029 0.275607180570222 0.241551939924906
"93" 0.25748502994012 0.267015706806283 0.273381294964029 0.275607180570222 0.241551939924906
"94" 0.374269005847953 0.380761523046092 0.374501992031873 0.370093457943925 0.369202226345083
"95" 0.374269005847953 0.380761523046092 0.374501992031873 0.370093457943925 0.369202226345083
"96" 0.255639097744361 0.276955602536998 0.263329706202394 0.258343634116193 0.241551939924906
"97" 0.255639097744361 0.276955602536998 0.263329706202394 0.258343634116193 0.241551939924906
"98" 0.255639097744361 0.276955602536998 0.263329706202394 0.258343634116193 0.241551939924906
"99" 0.255639097744361 0.276955602536998 0.263329706202394 0.258343634116193 0.241551939924906
"100" 0.255639097744361 0.276955602536998 0.263329706202394 0.258343634116193 0.241551939924906
"101" 0.370808678500986 0.36996336996337 0.363813229571984 0.370093457943925 0.368320610687023
"102" 0.370808678500986 0.36996336996337 0.363813229571984 0.370093457943925 0.368320610687023
"103" 0.255639097744361 0.263473053892216 0.273381294964029 0.26255230125523 0.36283185840708
"104" 0.255639097744361 0.263473053892216 0.273381294964029 0.26255230125523 0.36283185840708
"105" 0.255639097744361 0.263473053892216 0.273381294964029 0.26255230125523 0.36283185840708
"106" 0.255639097744361 0.263473053892216 0.279591836734694 0.258343634116193 0.36283185840708
"107" 0.255639097744361 0.263473053892216 0.279591836734694 0.258343634116193 0.36283185840708
"108" 0.37015503875969 0.36996336996337 0.367158671586716 0.370093457943925 0.37344398340249
"109" 0.269230769230769 0.263473053892216 0.279591836734694 0.26255230125523 0.274590163934426
"110" 0.269230769230769 0.263473053892216 0.279591836734694 0.26255230125523 0.274590163934426
"111" 0.253333333333333 0.263473053892216 0.279591836734694 0.26255230125523 0.274590163934426
"112" 0.253333333333333 0.263473053892216 0.279591836734694 0.26255230125523 0.274590163934426
"113" 0.265979381443299 0.398230088495575 0.372262773722628 0.382113821138211 0.370967741935484
"114" 0.265979381443299 0.398230088495575 0.372262773722628 0.382113821138211 0.370967741935484
"115" 0.371647509578544 0.380761523046092 0.375954198473282 0.36084452975048 0.366471734892788
"116" 0.369747899159664 0.268817204301075 0.263329706202394 0.275607180570222 0.268703898840885
"117" 0.369747899159664 0.268817204301075 0.263329706202394 0.275607180570222 0.268703898840885
"118" 0.369747899159664 0.268817204301075 0.263329706202394 0.275607180570222 0.268703898840885
"119" 0.1875 0.261521972132905 0.245210727969349 0.26255230125523 0.241551939924906
"120" 0.1875 0.261521972132905 0.245210727969349 0.26255230125523 0.241551939924906
"121" 0.1875 0.261521972132905 0.245210727969349 0.26255230125523 0.241551939924906
"122" 0.1875 0.261521972132905 0.245210727969349 0.26255230125523 0.241551939924906
"123" 0.1875 0.261521972132905 0.245210727969349 0.26255230125523 0.241551939924906
"124" 0.374269005847953 0.36996336996337 0.374501992031873 0.370093457943925 0.373626373626374
"125" 0.392523364485981 0.398230088495575 0.383333333333333 0.26255230125523 0.368852459016393
"126" 0.392523364485981 0.398230088495575 0.383333333333333 0.26255230125523 0.368852459016393
"127" 0.392523364485981 0.398230088495575 0.383333333333333 0.26255230125523 0.368852459016393
"128" 0.265979381443299 0.267015706806283 0.245210727969349 0.259782608695652 0.274590163934426
"129" 0.265979381443299 0.267015706806283 0.245210727969349 0.259782608695652 0.274590163934426
"130" 0.265979381443299 0.267015706806283 0.245210727969349 0.259782608695652 0.274590163934426
"131" 0.265979381443299 0.267015706806283 0.245210727969349 0.259782608695652 0.274590163934426
"132" 0.265979381443299 0.267015706806283 0.245210727969349 0.259782608695652 0.274590163934426
"133" 0.37015503875969 0.380761523046092 0.374501992031873 0.36734693877551 0.37344398340249
"134" 0.37015503875969 0.380761523046092 0.374501992031873 0.36734693877551 0.37344398340249
"135" 0.37015503875969 0.380761523046092 0.374501992031873 0.36734693877551 0.37344398340249
"136" 0.37015503875969 0.380761523046092 0.374501992031873 0.36734693877551 0.37344398340249
"137" 0.37015503875969 0.380761523046092 0.374501992031873 0.36734693877551 0.37344398340249
"138" 0.265979381443299 0.261521972132905 0.263329706202394 0.265330188679245 0.273942093541203
"139" 0.265979381443299 0.261521972132905 0.263329706202394 0.265330188679245 0.273942093541203
"140" 0.265979381443299 0.261521972132905 0.263329706202394 0.265330188679245 0.273942093541203
"141" 0.265979381443299 0.261521972132905 0.263329706202394 0.265330188679245 0.273942093541203
"142" 0.265979381443299 0.261521972132905 0.263329706202394 0.265330188679245 0.273942093541203
"143" 0.265979381443299 0.263473053892216 0.245210727969349 0.258343634116193 0.273942093541203
"144" 0.265979381443299 0.263473053892216 0.245210727969349 0.258343634116193 0.273942093541203
"145" 0.265979381443299 0.263473053892216 0.245210727969349 0.258343634116193 0.273942093541203
"146" 0.265979381443299 0.263473053892216 0.245210727969349 0.258343634116193 0.273942093541203
"147" 0.265979381443299 0.263473053892216 0.245210727969349 0.258343634116193 0.273942093541203
"148" 0.255639097744361 0.261521972132905 0.245210727969349 0.259782608695652 0.259975816203144
"149" 0.255639097744361 0.261521972132905 0.245210727969349 0.259782608695652 0.259975816203144
"150" 0.255639097744361 0.261521972132905 0.245210727969349 0.259782608695652 0.259975816203144
"151" 0.255639097744361 0.261521972132905 0.245210727969349 0.259782608695652 0.259975816203144
"152" 0.255639097744361 0.261521972132905 0.245210727969349 0.259782608695652 0.259975816203144
"153" 0.370808678500986 0.380761523046092 0.369731800766284 0.386694386694387 0.369202226345083
"154" 0.390909090909091 0.268817204301075 0.372262773722628 0.403669724770642 0.392857142857143
"155" 0.253333333333333 0.276955602536998 0.25625 0.275607180570222 0.259975816203144
"156" 0.253333333333333 0.276955602536998 0.25625 0.275607180570222 0.259975816203144
"157" 0.253333333333333 0.276955602536998 0.25625 0.275607180570222 0.259975816203144
"158" 0.364468864468864 0.361003861003861 0.374501992031873 0.36084452975048 0.373626373626374
"159" 0.364468864468864 0.361003861003861 0.374501992031873 0.36084452975048 0.373626373626374
"160" 0.364468864468864 0.361003861003861 0.374501992031873 0.36084452975048 0.373626373626374
"161" 0.364468864468864 0.361003861003861 0.374501992031873 0.36084452975048 0.373626373626374
"162" 0.265979381443299 0.267015706806283 0.245210727969349 0.275607180570222 0.241551939924906
"163" 0.265979381443299 0.267015706806283 0.279591836734694 0.258343634116193 0.241551939924906
"164" 0.265979381443299 0.267015706806283 0.279591836734694 0.258343634116193 0.241551939924906
"165" 0.265979381443299 0.267015706806283 0.279591836734694 0.258343634116193 0.241551939924906
"166" 0.265979381443299 0.267015706806283 0.279591836734694 0.258343634116193 0.241551939924906
"167" 0.387755102040816 0.276955602536998 0.25625 0.265330188679245 0.36283185840708
"168" 0.465116279069767 0.276955602536998 0.25625 0.265330188679245 0.273942093541203
"169" 0.465116279069767 0.276955602536998 0.25625 0.265330188679245 0.273942093541203
"170" 0.465116279069767 0.276955602536998 0.25625 0.265330188679245 0.273942093541203
"171" 0.370808678500986 0.377862595419847 0.374501992031873 0.367424242424242 0.37344398340249
"172" 0.370808678500986 0.377862595419847 0.374501992031873 0.367424242424242 0.37344398340249
"173" 0.370808678500986 0.377862595419847 0.374501992031873 0.367424242424242 0.37344398340249
"174" 0.275862068965517 0.263473053892216 0.273381294964029 0.259782608695652 0.274590163934426
"175" 0.275862068965517 0.263473053892216 0.273381294964029 0.259782608695652 0.274590163934426
"176" 0.387755102040816 0.268817204301075 0.263329706202394 0.259782608695652 0.241551939924906
"177" 0.109375 0.268817204301075 0.263329706202394 0.259782608695652 0.241551939924906
"178" 0.109375 0.268817204301075 0.263329706202394 0.259782608695652 0.241551939924906
"179" 0.109375 0.268817204301075 0.263329706202394 0.259782608695652 0.241551939924906
"180" 0.37015503875969 0.380761523046092 0.363813229571984 0.36734693877551 0.373626373626374
"181" 0.37015503875969 0.380761523046092 0.363813229571984 0.36734693877551 0.373626373626374
"182" 0.37015503875969 0.380761523046092 0.363813229571984 0.36734693877551 0.373626373626374
"183" 0.37015503875969 0.380761523046092 0.363813229571984 0.36734693877551 0.373626373626374
"184" 0.37015503875969 0.380761523046092 0.363813229571984 0.36734693877551 0.373626373626374
"185" 0.265979381443299 0.261521972132905 0.245210727969349 0.258343634116193 0.241551939924906
"186" 0.265979381443299 0.261521972132905 0.245210727969349 0.258343634116193 0.241551939924906
"187" 0.265979381443299 0.261521972132905 0.245210727969349 0.258343634116193 0.241551939924906
"188" 0.265979381443299 0.261521972132905 0.245210727969349 0.258343634116193 0.241551939924906
"189" 0.265979381443299 0.261521972132905 0.245210727969349 0.258343634116193 0.241551939924906
"190" 0.370808678500986 0.377862595419847 0.369731800766284 0.36084452975048 0.37344398340249
"191" 0.370808678500986 0.377862595419847 0.369731800766284 0.36084452975048 0.37344398340249
"192" 0.370808678500986 0.377862595419847 0.369731800766284 0.36084452975048 0.37344398340249
"193" 0.370808678500986 0.377862595419847 0.369731800766284 0.36084452975048 0.37344398340249
"194" 0.390909090909091 0.398230088495575 0.383333333333333 0.259782608695652 0.268703898840885
"195" 0.390909090909091 0.398230088495575 0.383333333333333 0.259782608695652 0.268703898840885
"196" 0.390909090909091 0.398230088495575 0.383333333333333 0.259782608695652 0.268703898840885
"197" 0.390909090909091 0.398230088495575 0.383333333333333 0.259782608695652 0.268703898840885
"198" 0.390909090909091 0.398230088495575 0.383333333333333 0.259782608695652 0.268703898840885
"199" 0.253333333333333 0.261521972132905 0.25625 0.26255230125523 0.274590163934426
"200" 0.253333333333333 0.261521972132905 0.25625 0.26255230125523 0.274590163934426
"201" 0.253333333333333 0.261521972132905 0.25625 0.26255230125523 0.274590163934426
"202" 0.25748502994012 0.268817204301075 0.273381294964029 0.26255230125523 0.273942093541203
"203" 0.25748502994012 0.268817204301075 0.273381294964029 0.26255230125523 0.273942093541203
"204" 0.25748502994012 0.268817204301075 0.273381294964029 0.26255230125523 0.273942093541203
"205" 0.25748502994012 0.268817204301075 0.273381294964029 0.26255230125523 0.273942093541203
"206" 0.25748502994012 0.261521972132905 0.263329706202394 0.265330188679245 0.274590163934426
"207" 0.25748502994012 0.261521972132905 0.263329706202394 0.265330188679245 0.274590163934426
"208" 0.25748502994012 0.261521972132905 0.263329706202394 0.275607180570222 0.273942093541203
"209" 0.25748502994012 0.261521972132905 0.263329706202394 0.275607180570222 0.273942093541203
"210" 0.25748502994012 0.261521972132905 0.263329706202394 0.275607180570222 0.273942093541203
"211" 0.25748502994012 0.261521972132905 0.263329706202394 0.275607180570222 0.273942093541203
"212" 0.25748502994012 0.261521972132905 0.263329706202394 0.275607180570222 0.273942093541203
"213" 0.255639097744361 0.276955602536998 0.25625 0.259782608695652 0.241551939924906
"214" 0.255639097744361 0.276955602536998 0.25625 0.259782608695652 0.241551939924906
"215" 0.255639097744361 0.276955602536998 0.25625 0.259782608695652 0.241551939924906
"216" 0.255639097744361 0.276955602536998 0.25625 0.259782608695652 0.241551939924906
"217" 0.255639097744361 0.276955602536998 0.25625 0.259782608695652 0.241551939924906
"218" 0.319018404907975 0.261521972132905 0.25625 0.259782608695652 0.268703898840885
"219" 0.275862068965517 0.261521972132905 0.25625 0.259782608695652 0.268703898840885
"220" 0.275862068965517 0.261521972132905 0.25625 0.259782608695652 0.268703898840885
"221" 0.275862068965517 0.261521972132905 0.25625 0.259782608695652 0.268703898840885
"222" 0.37015503875969 0.361003861003861 0.369731800766284 0.367424242424242 0.368320610687023
"223" 0.269230769230769 0.267015706806283 0.25625 0.259782608695652 0.224489795918367
"224" 0.253333333333333 0.267015706806283 0.25625 0.259782608695652 0.273942093541203
"225" 0.374269005847953 0.380761523046092 0.367158671586716 0.386694386694387 0.366471734892788
"226" 0.374269005847953 0.380761523046092 0.367158671586716 0.386694386694387 0.366471734892788
"227" 0.374269005847953 0.380761523046092 0.367158671586716 0.386694386694387 0.366471734892788
"228" 0.374269005847953 0.380761523046092 0.367158671586716 0.386694386694387 0.366471734892788
"229" 0.265979381443299 0.398230088495575 0.372262773722628 0.259782608695652 0.268703898840885
"230" 0.11864406779661 0.268817204301075 0.279591836734694 0.258343634116193 0.241551939924906
"231" 0.11864406779661 0.268817204301075 0.279591836734694 0.258343634116193 0.241551939924906
"232" 0.11864406779661 0.268817204301075 0.279591836734694 0.258343634116193 0.241551939924906
"233" 0.1875 0.263473053892216 0.245210727969349 0.259782608695652 0.273942093541203
"234" 0.1875 0.263473053892216 0.245210727969349 0.259782608695652 0.273942093541203
"235" 0.1875 0.263473053892216 0.245210727969349 0.259782608695652 0.273942093541203
"236" 0.1875 0.263473053892216 0.245210727969349 0.259782608695652 0.273942093541203
"237" 0.1875 0.263473053892216 0.245210727969349 0.259782608695652 0.273942093541203
"238" 0.265979381443299 0.261521972132905 0.25625 0.275607180570222 0.274590163934426
"239" 0.265979381443299 0.261521972132905 0.25625 0.275607180570222 0.274590163934426
"240" 0.265979381443299 0.261521972132905 0.25625 0.275607180570222 0.274590163934426
"241" 0.265979381443299 0.261521972132905 0.25625 0.275607180570222 0.274590163934426
"242" 0.265979381443299 0.268817204301075 0.245210727969349 0.26255230125523 0.268703898840885
"243" 0.265979381443299 0.268817204301075 0.245210727969349 0.26255230125523 0.268703898840885
"244" 0.265979381443299 0.268817204301075 0.245210727969349 0.26255230125523 0.268703898840885
"245" 0.265979381443299 0.268817204301075 0.245210727969349 0.26255230125523 0.268703898840885
"246" 0.392523364485981 0.268817204301075 0.279591836734694 0.403669724770642 0.368852459016393
"247" 0.392523364485981 0.268817204301075 0.279591836734694 0.403669724770642 0.368852459016393
"248" 0.392523364485981 0.268817204301075 0.279591836734694 0.403669724770642 0.368852459016393
"249" 0.392523364485981 0.268817204301075 0.279591836734694 0.403669724770642 0.368852459016393
"250" 0.392523364485981 0.268817204301075 0.279591836734694 0.403669724770642 0.368852459016393
"251" 0.370808678500986 0.361702127659574 0.375954198473282 0.370093457943925 0.368320610687023
"252" 0.255639097744361 0.261521972132905 0.263329706202394 0.26255230125523 0.273942093541203
"253" 0.255639097744361 0.261521972132905 0.263329706202394 0.26255230125523 0.273942093541203
"254" 0.255639097744361 0.261521972132905 0.263329706202394 0.26255230125523 0.273942093541203
"255" 0.255639097744361 0.261521972132905 0.263329706202394 0.26255230125523 0.273942093541203
"256" 0.370808678500986 0.377862595419847 0.363813229571984 0.36734693877551 0.37344398340249
"257" 0.255639097744361 0.276955602536998 0.273381294964029 0.258343634116193 0.274590163934426
"258" 0.255639097744361 0.276955602536998 0.273381294964029 0.258343634116193 0.274590163934426
"259" 0.255639097744361 0.276955602536998 0.273381294964029 0.258343634116193 0.274590163934426
"260" 0.255639097744361 0.276955602536998 0.273381294964029 0.258343634116193 0.274590163934426
"261" 0.255639097744361 0.276955602536998 0.273381294964029 0.265330188679245 0.268703898840885
"262" 0.255639097744361 0.276955602536998 0.273381294964029 0.265330188679245 0.268703898840885
"263" 0.255639097744361 0.276955602536998 0.273381294964029 0.265330188679245 0.268703898840885
"264" 0.364468864468864 0.36996336996337 0.375954198473282 0.36084452975048 0.369202226345083
"265" 0.364468864468864 0.36996336996337 0.375954198473282 0.36084452975048 0.369202226345083
"266" 0.364468864468864 0.36996336996337 0.375954198473282 0.36084452975048 0.369202226345083
"267" 0.265979381443299 0.263473053892216 0.263329706202394 0.275607180570222 0.259975816203144
"268" 0.37015503875969 0.361702127659574 0.374501992031873 0.370093457943925 0.369202226345083
"269" 0.253333333333333 0.261521972132905 0.245210727969349 0.26255230125523 0.259975816203144
"270" 0.253333333333333 0.261521972132905 0.245210727969349 0.26255230125523 0.259975816203144
"271" 0.253333333333333 0.261521972132905 0.245210727969349 0.26255230125523 0.259975816203144
"272" 0.253333333333333 0.261521972132905 0.245210727969349 0.26255230125523 0.259975816203144
"273" 0.265979381443299 0.276955602536998 0.245210727969349 0.265330188679245 0.268703898840885
"274" 0.265979381443299 0.276955602536998 0.245210727969349 0.265330188679245 0.268703898840885
"275" 0.265979381443299 0.276955602536998 0.245210727969349 0.265330188679245 0.268703898840885
"276" 0.269230769230769 0.276955602536998 0.25625 0.259782608695652 0.268703898840885
"277" 0.387755102040816 0.261521972132905 0.263329706202394 0.258343634116193 0.36283185840708
"278" 0.387755102040816 0.261521972132905 0.263329706202394 0.258343634116193 0.36283185840708
"279" 0.387755102040816 0.261521972132905 0.263329706202394 0.258343634116193 0.224489795918367
"280" 0.318181818181818 0.261521972132905 0.263329706202394 0.258343634116193 0.273942093541203
"281" 0.318181818181818 0.261521972132905 0.263329706202394 0.258343634116193 0.273942093541203
"282" 0.269230769230769 0.268817204301075 0.25625 0.26255230125523 0.274590163934426
"283" 0.269230769230769 0.268817204301075 0.25625 0.26255230125523 0.274590163934426
"284" 0.109375 0.268817204301075 0.25625 0.26255230125523 0.274590163934426
"285" 0.269230769230769 0.268817204301075 0.25625 0.26255230125523 0.274590163934426
"286" 0.269230769230769 0.268817204301075 0.25625 0.26255230125523 0.274590163934426
"287" 0.255639097744361 0.261521972132905 0.245210727969349 0.258343634116193 0.274590163934426
"288" 0.371647509578544 0.380761523046092 0.363813229571984 0.386694386694387 0.369202226345083
"289" 0.371647509578544 0.380761523046092 0.363813229571984 0.386694386694387 0.369202226345083
"290" 0.0847457627118644 0.268817204301075 0.273381294964029 0.265330188679245 0.259975816203144
"291" 0.0847457627118644 0.268817204301075 0.273381294964029 0.265330188679245 0.259975816203144
"292" 0.175572519083969 0.261521972132905 0.25625 0.259782608695652 0.259975816203144
"293" 0.175572519083969 0.261521972132905 0.25625 0.259782608695652 0.259975816203144
"294" 0.175572519083969 0.261521972132905 0.25625 0.259782608695652 0.259975816203144
"295" 0.175572519083969 0.261521972132905 0.25625 0.259782608695652 0.259975816203144
"296" 0.175572519083969 0.261521972132905 0.25625 0.259782608695652 0.259975816203144
"297" 0.255555555555556 0.276955602536998 0.263329706202394 0.26255230125523 0.259975816203144
"298" 0.255555555555556 0.276955602536998 0.263329706202394 0.26255230125523 0.259975816203144
"299" 0.255555555555556 0.276955602536998 0.263329706202394 0.26255230125523 0.259975816203144
"300" 0.255555555555556 0.276955602536998 0.263329706202394 0.26255230125523 0.259975816203144
"301" 0.255555555555556 0.276955602536998 0.263329706202394 0.26255230125523 0.259975816203144
"302" 0.364468864468864 0.377862595419847 0.363813229571984 0.36734693877551 0.369202226345083
"303" 0.265979381443299 0.276955602536998 0.273381294964029 0.258343634116193 0.259975816203144
"304" 0.265979381443299 0.276955602536998 0.273381294964029 0.258343634116193 0.259975816203144
"305" 0.265979381443299 0.276955602536998 0.273381294964029 0.258343634116193 0.259975816203144
"306" 0.265979381443299 0.276955602536998 0.273381294964029 0.258343634116193 0.259975816203144
"307" 0.255555555555556 0.263473053892216 0.25625 0.258343634116193 0.259975816203144
"308" 0.255555555555556 0.263473053892216 0.25625 0.258343634116193 0.259975816203144
"309" 0.255555555555556 0.263473053892216 0.25625 0.258343634116193 0.259975816203144
"310" 0.255555555555556 0.263473053892216 0.25625 0.258343634116193 0.259975816203144
"311" 0.255555555555556 0.263473053892216 0.25625 0.258343634116193 0.259975816203144
"312" 0.371647509578544 0.36996336996337 0.367158671586716 0.386694386694387 0.37344398340249
"313" 0.369747899159664 0.398230088495575 0.279591836734694 0.403669724770642 0.274590163934426
"314" 0.369747899159664 0.398230088495575 0.279591836734694 0.403669724770642 0.274590163934426
"315" 0.369747899159664 0.398230088495575 0.279591836734694 0.403669724770642 0.274590163934426
"316" 0.371647509578544 0.36996336996337 0.367158671586716 0.386694386694387 0.37344398340249
"317" 0.364468864468864 0.377862595419847 0.363813229571984 0.386694386694387 0.366471734892788
"318" 0.265979381443299 0.276955602536998 0.273381294964029 0.265330188679245 0.268703898840885
"319" 0.265979381443299 0.276955602536998 0.273381294964029 0.265330188679245 0.268703898840885
"320" 0.265979381443299 0.276955602536998 0.273381294964029 0.265330188679245 0.268703898840885
"321" 0.390909090909091 0.261521972132905 0.279591836734694 0.275607180570222 0.370967741935484
"322" 0.390909090909091 0.261521972132905 0.279591836734694 0.275607180570222 0.370967741935484
"323" 0.390909090909091 0.261521972132905 0.279591836734694 0.275607180570222 0.370967741935484
"324" 0.390909090909091 0.261521972132905 0.279591836734694 0.275607180570222 0.370967741935484
"325" 0.390909090909091 0.261521972132905 0.279591836734694 0.275607180570222 0.370967741935484
"326" 0.364468864468864 0.380761523046092 0.375954198473282 0.367424242424242 0.373626373626374
"327" 0.364468864468864 0.380761523046092 0.375954198473282 0.367424242424242 0.373626373626374
"328" 0.364468864468864 0.380761523046092 0.375954198473282 0.367424242424242 0.373626373626374
"329" 0.265979381443299 0.268817204301075 0.263329706202394 0.259782608695652 0.368852459016393
"330" 0.265979381443299 0.268817204301075 0.263329706202394 0.259782608695652 0.368852459016393
"331" 0.364468864468864 0.361003861003861 0.369731800766284 0.386694386694387 0.369202226345083
"332" 0.364468864468864 0.361003861003861 0.369731800766284 0.386694386694387 0.369202226345083
"333" 0.364468864468864 0.361003861003861 0.369731800766284 0.386694386694387 0.369202226345083
"334" 0.364468864468864 0.361003861003861 0.369731800766284 0.386694386694387 0.369202226345083
"335" 0.364468864468864 0.377862595419847 0.369731800766284 0.367424242424242 0.366471734892788
"336" 0.265979381443299 0.276955602536998 0.25625 0.259782608695652 0.268703898840885
"337" 0.265979381443299 0.276955602536998 0.25625 0.259782608695652 0.268703898840885
"338" 0.265979381443299 0.276955602536998 0.25625 0.259782608695652 0.268703898840885
"339" 0.265979381443299 0.276955602536998 0.25625 0.259782608695652 0.268703898840885
"340" 0.37015503875969 0.361702127659574 0.367158671586716 0.386694386694387 0.368320610687023
"341" 0.37015503875969 0.361702127659574 0.367158671586716 0.386694386694387 0.368320610687023
"342" 0.37015503875969 0.361702127659574 0.367158671586716 0.386694386694387 0.368320610687023
"343" 0.292682926829268 0.261521972132905 0.279591836734694 0.265330188679245 0.227642276422764
"344" 0.292682926829268 0.261521972132905 0.279591836734694 0.265330188679245 0.227642276422764
"345" 0.25462962962963 0.261521972132905 0.25625 0.265330188679245 0.273942093541203
"346" 0.25462962962963 0.261521972132905 0.25625 0.265330188679245 0.273942093541203
"347" 0.25462962962963 0.261521972132905 0.25625 0.265330188679245 0.273942093541203
"348" 0.25462962962963 0.261521972132905 0.25625 0.265330188679245 0.273942093541203
"349" 0.25462962962963 0.261521972132905 0.25625 0.265330188679245 0.273942093541203
"350" 0.37015503875969 0.380761523046092 0.367158671586716 0.367424242424242 0.368320610687023
"351" 0.387755102040816 0.268817204301075 0.279591836734694 0.259782608695652 0.36283185840708
"352" 0.318181818181818 0.268817204301075 0.279591836734694 0.259782608695652 0.273942093541203
"353" 0.318181818181818 0.268817204301075 0.279591836734694 0.259782608695652 0.273942093541203
"354" 0.318181818181818 0.268817204301075 0.279591836734694 0.259782608695652 0.273942093541203
"355" 0.37015503875969 0.361702127659574 0.367158671586716 0.367424242424242 0.37344398340249
"356" 0.253333333333333 0.261521972132905 0.279591836734694 0.259782608695652 0.274590163934426
"357" 0.253333333333333 0.261521972132905 0.279591836734694 0.259782608695652 0.274590163934426
"358" 0.253333333333333 0.261521972132905 0.279591836734694 0.259782608695652 0.274590163934426
"359" 0.253333333333333 0.261521972132905 0.279591836734694 0.259782608695652 0.274590163934426
"360" 0.364468864468864 0.361702127659574 0.369731800766284 0.386694386694387 0.37344398340249
"361" 0.364468864468864 0.361702127659574 0.369731800766284 0.386694386694387 0.37344398340249
"362" 0.265979381443299 0.261521972132905 0.372262773722628 0.403669724770642 0.274590163934426
"363" 0.265979381443299 0.261521972132905 0.372262773722628 0.403669724770642 0.274590163934426
"364" 0.25748502994012 0.267015706806283 0.25625 0.265330188679245 0.274590163934426
"365" 0.25748502994012 0.267015706806283 0.25625 0.265330188679245 0.274590163934426
"366" 0.374269005847953 0.36996336996337 0.374501992031873 0.386694386694387 0.37344398340249
"367" 0.374269005847953 0.36996336996337 0.374501992031873 0.386694386694387 0.37344398340249
"368" 0.392523364485981 0.398230088495575 0.383333333333333 0.403669724770642 0.274590163934426
"369" 0.392523364485981 0.398230088495575 0.383333333333333 0.403669724770642 0.274590163934426
"370" 0.374269005847953 0.361003861003861 0.374501992031873 0.370093457943925 0.366471734892788
"371" 0.25748502994012 0.267015706806283 0.245210727969349 0.26255230125523 0.268703898840885
"372" 0.25748502994012 0.267015706806283 0.245210727969349 0.26255230125523 0.268703898840885
"373" 0.255639097744361 0.268817204301075 0.273381294964029 0.259782608695652 0.268703898840885
"374" 0.255639097744361 0.268817204301075 0.273381294964029 0.259782608695652 0.268703898840885
"375" 0.255639097744361 0.268817204301075 0.273381294964029 0.259782608695652 0.268703898840885
"376" 0.255639097744361 0.268817204301075 0.273381294964029 0.259782608695652 0.268703898840885
"377" 0.255639097744361 0.268817204301075 0.273381294964029 0.259782608695652 0.268703898840885
"378" 0.319018404907975 0.268817204301075 0.273381294964029 0.265330188679245 0.36283185840708
"379" 0.275862068965517 0.268817204301075 0.273381294964029 0.265330188679245 0.273942093541203
"380" 0.275862068965517 0.268817204301075 0.273381294964029 0.265330188679245 0.273942093541203
"381" 0.275862068965517 0.268817204301075 0.273381294964029 0.265330188679245 0.273942093541203
"382" 0.275862068965517 0.268817204301075 0.273381294964029 0.265330188679245 0.273942093541203
"383" 0.364468864468864 0.36996336996337 0.369731800766284 0.36734693877551 0.366471734892788
"384" 0.364468864468864 0.36996336996337 0.369731800766284 0.36734693877551 0.366471734892788
"385" 0.364468864468864 0.36996336996337 0.369731800766284 0.36734693877551 0.366471734892788
"386" 0.364468864468864 0.36996336996337 0.369731800766284 0.36734693877551 0.366471734892788
"387" 0.364468864468864 0.36996336996337 0.369731800766284 0.36734693877551 0.366471734892788
"388" 0.374269005847953 0.380761523046092 0.369731800766284 0.386694386694387 0.37344398340249
"389" 0.374269005847953 0.380761523046092 0.369731800766284 0.386694386694387 0.37344398340249
"390" 0.374269005847953 0.380761523046092 0.369731800766284 0.386694386694387 0.37344398340249
"391" 0.374269005847953 0.380761523046092 0.369731800766284 0.386694386694387 0.37344398340249
"392" 0.374269005847953 0.380761523046092 0.369731800766284 0.386694386694387 0.37344398340249
"393" 0.370808678500986 0.380761523046092 0.367158671586716 0.367424242424242 0.368320610687023
"394" 0.370808678500986 0.380761523046092 0.367158671586716 0.367424242424242 0.368320610687023
"395" 0.370808678500986 0.380761523046092 0.367158671586716 0.367424242424242 0.368320610687023
"396" 0.255639097744361 0.268817204301075 0.279591836734694 0.259782608695652 0.273942093541203
"397" 0.255639097744361 0.268817204301075 0.279591836734694 0.259782608695652 0.273942093541203
"398" 0.364468864468864 0.361003861003861 0.374501992031873 0.370093457943925 0.366471734892788
"399" 0.265979381443299 0.267015706806283 0.245210727969349 0.26255230125523 0.268703898840885
"400" 0.25748502994012 0.263473053892216 0.25625 0.26255230125523 0.259975816203144
"401" 0.25748502994012 0.263473053892216 0.25625 0.26255230125523 0.259975816203144
"402" 0.255639097744361 0.263473053892216 0.279591836734694 0.275607180570222 0.101449275362319
"403" 0.255639097744361 0.263473053892216 0.279591836734694 0.275607180570222 0.101449275362319
"404" 0.255639097744361 0.263473053892216 0.279591836734694 0.275607180570222 0.101449275362319
"405" 0.255639097744361 0.263473053892216 0.279591836734694 0.275607180570222 0.101449275362319
"406" 0.255639097744361 0.263473053892216 0.279591836734694 0.275607180570222 0.101449275362319
"407" 0.370808678500986 0.361003861003861 0.363813229571984 0.36734693877551 0.366471734892788
"408" 0.255639097744361 0.267015706806283 0.273381294964029 0.258343634116193 0.268703898840885
"409" 0.255639097744361 0.267015706806283 0.273381294964029 0.258343634116193 0.268703898840885
"410" 0.255639097744361 0.267015706806283 0.273381294964029 0.258343634116193 0.268703898840885
"411" 0.175572519083969 0.261521972132905 0.279591836734694 0.265330188679245 0.274590163934426
"412" 0.275862068965517 0.268817204301075 0.263329706202394 0.259782608695652 0.274590163934426
"413" 0.319018404907975 0.267015706806283 0.263329706202394 0.259782608695652 0.241551939924906
"414" 0.319018404907975 0.267015706806283 0.263329706202394 0.259782608695652 0.241551939924906
"415" 0.319018404907975 0.267015706806283 0.263329706202394 0.259782608695652 0.241551939924906
"416" 0.319018404907975 0.267015706806283 0.263329706202394 0.259782608695652 0.241551939924906
"417" 0.275862068965517 0.267015706806283 0.263329706202394 0.259782608695652 0.241551939924906
"418" 0.370808678500986 0.380761523046092 0.374501992031873 0.367424242424242 0.37344398340249
"419" 0.370808678500986 0.380761523046092 0.374501992031873 0.367424242424242 0.37344398340249
"420" 0.370808678500986 0.380761523046092 0.374501992031873 0.367424242424242 0.37344398340249
"421" 0.370808678500986 0.380761523046092 0.374501992031873 0.367424242424242 0.37344398340249
"422" 0.370808678500986 0.380761523046092 0.374501992031873 0.367424242424242 0.37344398340249
"423" 0.25748502994012 0.267015706806283 0.25625 0.275607180570222 0.259975816203144
"424" 0.371647509578544 0.361003861003861 0.374501992031873 0.370093457943925 0.373626373626374
"425" 0.371647509578544 0.361003861003861 0.374501992031873 0.370093457943925 0.373626373626374
"426" 0.175572519083969 0.267015706806283 0.245210727969349 0.26255230125523 0.241551939924906
"427" 0.175572519083969 0.267015706806283 0.245210727969349 0.26255230125523 0.241551939924906
"428" 0.175572519083969 0.267015706806283 0.245210727969349 0.26255230125523 0.241551939924906
"429" 0.25462962962963 0.261521972132905 0.25625 0.258343634116193 0.273942093541203
"430" 0.25462962962963 0.261521972132905 0.25625 0.258343634116193 0.273942093541203
"431" 0.25462962962963 0.261521972132905 0.25625 0.258343634116193 0.273942093541203
"432" 0.275862068965517 0.267015706806283 0.245210727969349 0.265330188679245 0.241551939924906
"433" 0.275862068965517 0.267015706806283 0.245210727969349 0.265330188679245 0.241551939924906
"434" 0.275862068965517 0.267015706806283 0.245210727969349 0.265330188679245 0.241551939924906
"435" 0.275862068965517 0.267015706806283 0.245210727969349 0.265330188679245 0.241551939924906
"436" 0.275862068965517 0.267015706806283 0.245210727969349 0.265330188679245 0.241551939924906
"437" 0.37015503875969 0.361003861003861 0.375954198473282 0.370093457943925 0.366471734892788
"438" 0.37015503875969 0.361003861003861 0.375954198473282 0.370093457943925 0.366471734892788
"439" 0.465116279069767 0.267015706806283 0.263329706202394 0.26255230125523 0.268703898840885
"440" 0.465116279069767 0.267015706806283 0.263329706202394 0.26255230125523 0.268703898840885
"441" 0.364468864468864 0.36996336996337 0.375954198473282 0.386694386694387 0.366471734892788
"442" 0.374269005847953 0.380761523046092 0.374501992031873 0.370093457943925 0.373626373626374
"443" 0.25748502994012 0.268817204301075 0.245210727969349 0.26255230125523 0.241551939924906
"444" 0.25748502994012 0.268817204301075 0.245210727969349 0.26255230125523 0.241551939924906
"445" 0.25748502994012 0.268817204301075 0.245210727969349 0.26255230125523 0.241551939924906
"446" 0.25748502994012 0.268817204301075 0.245210727969349 0.26255230125523 0.241551939924906
"447" 0.265979381443299 0.263473053892216 0.263329706202394 0.275607180570222 0.268703898840885
"448" 0.265979381443299 0.263473053892216 0.263329706202394 0.275607180570222 0.268703898840885
"449" 0.265979381443299 0.263473053892216 0.263329706202394 0.275607180570222 0.268703898840885
"450" 0.265979381443299 0.263473053892216 0.263329706202394 0.275607180570222 0.268703898840885
"451" 0.319018404907975 0.261521972132905 0.245210727969349 0.259782608695652 0.259975816203144
"452" 0.25462962962963 0.261521972132905 0.245210727969349 0.259782608695652 0.259975816203144
"453" 0.25462962962963 0.261521972132905 0.245210727969349 0.259782608695652 0.259975816203144
"454" 0.319018404907975 0.261521972132905 0.245210727969349 0.259782608695652 0.259975816203144
"455" 0.319018404907975 0.261521972132905 0.245210727969349 0.259782608695652 0.259975816203144
"456" 0.374269005847953 0.377862595419847 0.363813229571984 0.386694386694387 0.37344398340249
"457" 0.374269005847953 0.377862595419847 0.363813229571984 0.386694386694387 0.37344398340249
"458" 0.374269005847953 0.377862595419847 0.363813229571984 0.386694386694387 0.37344398340249
"459" 0.374269005847953 0.377862595419847 0.363813229571984 0.386694386694387 0.37344398340249
"460" 0.371647509578544 0.380761523046092 0.363813229571984 0.386694386694387 0.368320610687023
"461" 0.371647509578544 0.380761523046092 0.363813229571984 0.386694386694387 0.368320610687023
"462" 0.371647509578544 0.380761523046092 0.363813229571984 0.386694386694387 0.368320610687023
"463" 0.371647509578544 0.380761523046092 0.363813229571984 0.386694386694387 0.368320610687023
"464" 0.319018404907975 0.268817204301075 0.273381294964029 0.265330188679245 0.36283185840708
"465" 0.175572519083969 0.267015706806283 0.279591836734694 0.275607180570222 0.259975816203144
"466" 0.175572519083969 0.267015706806283 0.279591836734694 0.275607180570222 0.259975816203144
"467" 0.175572519083969 0.267015706806283 0.279591836734694 0.275607180570222 0.259975816203144
"468" 0.364468864468864 0.380761523046092 0.369731800766284 0.36734693877551 0.368320610687023
"469" 0.265979381443299 0.268817204301075 0.25625 0.258343634116193 0.273942093541203
"470" 0.265979381443299 0.268817204301075 0.25625 0.258343634116193 0.273942093541203
"471" 0.265979381443299 0.268817204301075 0.25625 0.258343634116193 0.273942093541203
"472" 0.265979381443299 0.268817204301075 0.25625 0.258343634116193 0.273942093541203
"473" 0.370808678500986 0.380761523046092 0.367158671586716 0.370093457943925 0.368320610687023
"474" 0.370808678500986 0.380761523046092 0.367158671586716 0.370093457943925 0.368320610687023
"475" 0.370808678500986 0.380761523046092 0.367158671586716 0.370093457943925 0.368320610687023
"476" 0.370808678500986 0.380761523046092 0.367158671586716 0.370093457943925 0.368320610687023
"477" 0.370808678500986 0.380761523046092 0.367158671586716 0.370093457943925 0.368320610687023
"478" 0.364468864468864 0.361003861003861 0.363813229571984 0.367424242424242 0.373626373626374
"479" 0.364468864468864 0.361003861003861 0.363813229571984 0.367424242424242 0.373626373626374
"480" 0.265979381443299 0.267015706806283 0.273381294964029 0.259782608695652 0.241551939924906
"481" 0.265979381443299 0.267015706806283 0.273381294964029 0.259782608695652 0.241551939924906
"482" 0.265979381443299 0.267015706806283 0.273381294964029 0.259782608695652 0.241551939924906
"483" 0.253333333333333 0.276955602536998 0.273381294964029 0.258343634116193 0.273942093541203
"484" 0.253333333333333 0.276955602536998 0.273381294964029 0.258343634116193 0.273942093541203
"485" 0.25748502994012 0.267015706806283 0.25625 0.26255230125523 0.36283185840708
"486" 0.25748502994012 0.267015706806283 0.25625 0.26255230125523 0.36283185840708
"487" 0.25748502994012 0.267015706806283 0.25625 0.26255230125523 0.224489795918367
"488" 0.25748502994012 0.267015706806283 0.25625 0.26255230125523 0.273942093541203
"489" 0.25748502994012 0.267015706806283 0.25625 0.26255230125523 0.273942093541203
"490" 0.255639097744361 0.263473053892216 0.263329706202394 0.265330188679245 0.273942093541203
"491" 0.255639097744361 0.263473053892216 0.263329706202394 0.265330188679245 0.273942093541203
"492" 0.255639097744361 0.263473053892216 0.263329706202394 0.265330188679245 0.273942093541203
"493" 0.255639097744361 0.263473053892216 0.263329706202394 0.265330188679245 0.273942093541203
"494" 0.255639097744361 0.263473053892216 0.263329706202394 0.265330188679245 0.273942093541203
"495" 0.255639097744361 0.267015706806283 0.263329706202394 0.26255230125523 0.241551939924906
"496" 0.374269005847953 0.361702127659574 0.369731800766284 0.386694386694387 0.366471734892788
"497" 0.374269005847953 0.361702127659574 0.369731800766284 0.386694386694387 0.366471734892788
"498" 0.25748502994012 0.261521972132905 0.25625 0.265330188679245 0.268703898840885
"499" 0.25748502994012 0.261521972132905 0.25625 0.265330188679245 0.268703898840885
"500" 0.25748502994012 0.261521972132905 0.25625 0.265330188679245 0.268703898840885
"501" 0.374269005847953 0.361003861003861 0.374501992031873 0.386694386694387 0.37344398340249
"502" 0.374269005847953 0.361003861003861 0.374501992031873 0.386694386694387 0.37344398340249
"503" 0.374269005847953 0.361003861003861 0.374501992031873 0.386694386694387 0.37344398340249
"504" 0.374269005847953 0.361003861003861 0.374501992031873 0.386694386694387 0.37344398340249
"505" 0.374269005847953 0.361003861003861 0.374501992031873 0.386694386694387 0.37344398340249
"506" 0.392523364485981 0.276955602536998 0.273381294964029 0.259782608695652 0.392857142857143
"507" 0.392523364485981 0.276955602536998 0.273381294964029 0.259782608695652 0.392857142857143
"508" 0.392523364485981 0.276955602536998 0.273381294964029 0.259782608695652 0.392857142857143
"509" 0.392523364485981 0.276955602536998 0.273381294964029 0.259782608695652 0.392857142857143
"510" 0.392523364485981 0.276955602536998 0.273381294964029 0.259782608695652 0.392857142857143
"511" 0.25748502994012 0.263473053892216 0.25625 0.26255230125523 0.259975816203144
"512" 0.374269005847953 0.36996336996337 0.369731800766284 0.370093457943925 0.369202226345083
"513" 0.265979381443299 0.261521972132905 0.279591836734694 0.275607180570222 0.368852459016393
"514" 0.265979381443299 0.261521972132905 0.279591836734694 0.275607180570222 0.368852459016393
"515" 0.255639097744361 0.261521972132905 0.279591836734694 0.265330188679245 0.274590163934426
"516" 0.255639097744361 0.261521972132905 0.279591836734694 0.265330188679245 0.274590163934426
"517" 0.255639097744361 0.261521972132905 0.279591836734694 0.265330188679245 0.274590163934426
"518" 0.255639097744361 0.261521972132905 0.279591836734694 0.265330188679245 0.274590163934426
"519" 0.255639097744361 0.261521972132905 0.279591836734694 0.265330188679245 0.274590163934426
"520" 0.37015503875969 0.36996336996337 0.363813229571984 0.370093457943925 0.37344398340249
"521" 0.37015503875969 0.36996336996337 0.363813229571984 0.370093457943925 0.37344398340249
"522" 0.292682926829268 0.263473053892216 0.273381294964029 0.26255230125523 0.274590163934426
"523" 0.292682926829268 0.263473053892216 0.273381294964029 0.26255230125523 0.274590163934426
"524" 0.292682926829268 0.263473053892216 0.273381294964029 0.26255230125523 0.274590163934426
"525" 0.370808678500986 0.377862595419847 0.369731800766284 0.36734693877551 0.37344398340249
"526" 0.370808678500986 0.377862595419847 0.369731800766284 0.36734693877551 0.37344398340249
"527" 0.255639097744361 0.276955602536998 0.25625 0.258343634116193 0.274590163934426
"528" 0.255639097744361 0.276955602536998 0.25625 0.258343634116193 0.274590163934426
"529" 0.255639097744361 0.276955602536998 0.25625 0.258343634116193 0.274590163934426
"530" 0.25748502994012 0.261521972132905 0.245210727969349 0.275607180570222 0.274590163934426
"531" 0.25748502994012 0.261521972132905 0.245210727969349 0.275607180570222 0.274590163934426
"532" 0.25748502994012 0.261521972132905 0.245210727969349 0.275607180570222 0.274590163934426
"533" 0.25748502994012 0.261521972132905 0.245210727969349 0.275607180570222 0.274590163934426
"534" 0.374269005847953 0.36996336996337 0.363813229571984 0.36084452975048 0.369202226345083
"535" 0.25748502994012 0.263473053892216 0.273381294964029 0.275607180570222 0.259975816203144
"536" 0.25748502994012 0.263473053892216 0.273381294964029 0.275607180570222 0.259975816203144
"537" 0.25748502994012 0.263473053892216 0.273381294964029 0.275607180570222 0.259975816203144
"538" 0.25748502994012 0.263473053892216 0.273381294964029 0.275607180570222 0.259975816203144
"539" 0.255639097744361 0.267015706806283 0.279591836734694 0.258343634116193 0.241551939924906
"540" 0.255639097744361 0.267015706806283 0.279591836734694 0.258343634116193 0.241551939924906
"541" 0.255639097744361 0.267015706806283 0.279591836734694 0.258343634116193 0.241551939924906
"542" 0.255639097744361 0.267015706806283 0.279591836734694 0.258343634116193 0.241551939924906
"543" 0.255639097744361 0.267015706806283 0.279591836734694 0.258343634116193 0.241551939924906
"544" 0.265979381443299 0.261521972132905 0.263329706202394 0.259782608695652 0.241551939924906
"545" 0.265979381443299 0.261521972132905 0.263329706202394 0.259782608695652 0.241551939924906
"546" 0.265979381443299 0.261521972132905 0.263329706202394 0.259782608695652 0.241551939924906
"547" 0.265979381443299 0.261521972132905 0.263329706202394 0.259782608695652 0.241551939924906
"548" 0.265979381443299 0.276955602536998 0.263329706202394 0.258343634116193 0.241551939924906
"549" 0.265979381443299 0.276955602536998 0.263329706202394 0.258343634116193 0.241551939924906
"550" 0.265979381443299 0.276955602536998 0.263329706202394 0.258343634116193 0.241551939924906
"551" 0.265979381443299 0.276955602536998 0.263329706202394 0.258343634116193 0.241551939924906
"552" 0.25748502994012 0.268817204301075 0.263329706202394 0.26255230125523 0.101449275362319
"553" 0.25748502994012 0.268817204301075 0.263329706202394 0.26255230125523 0.101449275362319
"554" 0.25748502994012 0.268817204301075 0.263329706202394 0.26255230125523 0.101449275362319
"555" 0.25748502994012 0.268817204301075 0.263329706202394 0.26255230125523 0.101449275362319
"556" 0.25748502994012 0.268817204301075 0.263329706202394 0.26255230125523 0.101449275362319
"557" 0.374269005847953 0.36996336996337 0.367158671586716 0.36084452975048 0.368320610687023
"558" 0.374269005847953 0.36996336996337 0.367158671586716 0.36084452975048 0.368320610687023
"559" 0.374269005847953 0.36996336996337 0.367158671586716 0.36084452975048 0.368320610687023
"560" 0.374269005847953 0.36996336996337 0.367158671586716 0.36084452975048 0.368320610687023
"561" 0.25748502994012 0.268817204301075 0.25625 0.259782608695652 0.241551939924906
"562" 0.25748502994012 0.268817204301075 0.25625 0.259782608695652 0.241551939924906
"563" 0.25748502994012 0.268817204301075 0.25625 0.259782608695652 0.241551939924906
"564" 0.25748502994012 0.268817204301075 0.25625 0.259782608695652 0.241551939924906
"565" 0.25462962962963 0.268817204301075 0.25625 0.265330188679245 0.241551939924906
"566" 0.25462962962963 0.268817204301075 0.25625 0.265330188679245 0.241551939924906
"567" 0.25462962962963 0.268817204301075 0.25625 0.265330188679245 0.241551939924906
"568" 0.25462962962963 0.268817204301075 0.25625 0.265330188679245 0.241551939924906
"569" 0.255639097744361 0.261521972132905 0.25625 0.259782608695652 0.101449275362319
"570" 0.255639097744361 0.261521972132905 0.25625 0.259782608695652 0.101449275362319
"571" 0.371647509578544 0.361003861003861 0.375954198473282 0.367424242424242 0.368320610687023
"572" 0.371647509578544 0.361003861003861 0.375954198473282 0.367424242424242 0.368320610687023
"573" 0.371647509578544 0.361003861003861 0.375954198473282 0.367424242424242 0.368320610687023
"574" 0.37015503875969 0.361702127659574 0.363813229571984 0.36734693877551 0.369202226345083
"575" 0.37015503875969 0.361003861003861 0.363813229571984 0.367424242424242 0.369202226345083
"576" 0.37015503875969 0.361003861003861 0.363813229571984 0.367424242424242 0.369202226345083
"577" 0.37015503875969 0.361003861003861 0.363813229571984 0.367424242424242 0.369202226345083
"578" 0.37015503875969 0.361003861003861 0.363813229571984 0.367424242424242 0.369202226345083
"579" 0.37015503875969 0.361003861003861 0.363813229571984 0.367424242424242 0.369202226345083
"580" 0.370808678500986 0.377862595419847 0.363813229571984 0.36734693877551 0.366471734892788
"581" 0.370808678500986 0.377862595419847 0.363813229571984 0.36734693877551 0.366471734892788
"582" 0.370808678500986 0.377862595419847 0.363813229571984 0.36734693877551 0.366471734892788
"583" 0.370808678500986 0.377862595419847 0.363813229571984 0.36734693877551 0.366471734892788
"584" 0.370808678500986 0.377862595419847 0.363813229571984 0.36734693877551 0.366471734892788
"585" 0.1875 0.268817204301075 0.273381294964029 0.275607180570222 0.274590163934426
"586" 0.1875 0.268817204301075 0.273381294964029 0.275607180570222 0.274590163934426
"587" 0.374269005847953 0.361003861003861 0.375954198473282 0.36084452975048 0.368320610687023
"588" 0.25748502994012 0.267015706806283 0.263329706202394 0.275607180570222 0.273942093541203
"589" 0.25748502994012 0.267015706806283 0.263329706202394 0.275607180570222 0.273942093541203
"590" 0.25748502994012 0.267015706806283 0.263329706202394 0.275607180570222 0.273942093541203
"591" 0.25748502994012 0.267015706806283 0.263329706202394 0.275607180570222 0.273942093541203
"592" 0.25748502994012 0.268817204301075 0.25625 0.275607180570222 0.241551939924906
"593" 0.25748502994012 0.268817204301075 0.25625 0.275607180570222 0.241551939924906
"594" 0.37015503875969 0.361702127659574 0.369731800766284 0.36084452975048 0.373626373626374
"595" 0.37015503875969 0.361702127659574 0.369731800766284 0.36084452975048 0.373626373626374
"596" 0.37015503875969 0.361702127659574 0.369731800766284 0.36084452975048 0.373626373626374
"597" 0.37015503875969 0.361702127659574 0.369731800766284 0.36084452975048 0.373626373626374
"598" 0.265979381443299 0.268817204301075 0.279591836734694 0.26255230125523 0.268703898840885
"599" 0.265979381443299 0.268817204301075 0.279591836734694 0.26255230125523 0.268703898840885
"600" 0.371647509578544 0.380761523046092 0.369731800766284 0.367424242424242 0.366471734892788
"601" 0.371647509578544 0.380761523046092 0.369731800766284 0.367424242424242 0.366471734892788
"602" 0.371647509578544 0.380761523046092 0.369731800766284 0.367424242424242 0.366471734892788
"603" 0.371647509578544 0.380761523046092 0.369731800766284 0.367424242424242 0.366471734892788
"604" 0.371647509578544 0.380761523046092 0.369731800766284 0.367424242424242 0.366471734892788
"605" 0.374269005847953 0.361702127659574 0.367158671586716 0.36084452975048 0.373626373626374
"606" 0.25748502994012 0.261521972132905 0.279591836734694 0.275607180570222 0.241551939924906
"607" 0.25748502994012 0.261521972132905 0.279591836734694 0.275607180570222 0.241551939924906
"608" 0.25748502994012 0.261521972132905 0.279591836734694 0.275607180570222 0.241551939924906
"609" 0.25748502994012 0.261521972132905 0.279591836734694 0.275607180570222 0.241551939924906
"610" 0.255639097744361 0.268817204301075 0.245210727969349 0.275607180570222 0.274590163934426
"611" 0.255639097744361 0.268817204301075 0.245210727969349 0.275607180570222 0.274590163934426
"612" 0.255639097744361 0.268817204301075 0.245210727969349 0.275607180570222 0.274590163934426
"613" 0.364468864468864 0.361702127659574 0.374501992031873 0.386694386694387 0.368320610687023
"614" 0.374269005847953 0.36996336996337 0.367158671586716 0.36734693877551 0.369202226345083
"615" 0.374269005847953 0.36996336996337 0.367158671586716 0.36734693877551 0.369202226345083
"616" 0.392523364485981 0.398230088495575 0.279591836734694 0.382113821138211 0.392857142857143
"617" 0.392523364485981 0.398230088495575 0.279591836734694 0.382113821138211 0.392857142857143
"618" 0.392523364485981 0.398230088495575 0.279591836734694 0.382113821138211 0.392857142857143
"619" 0.390909090909091 0.276955602536998 0.383333333333333 0.26255230125523 0.274590163934426
"620" 0.390909090909091 0.276955602536998 0.383333333333333 0.26255230125523 0.274590163934426
"621" 0.390909090909091 0.276955602536998 0.383333333333333 0.26255230125523 0.274590163934426
"622" 0.390909090909091 0.276955602536998 0.383333333333333 0.26255230125523 0.274590163934426
"623" 0.37015503875969 0.361003861003861 0.369731800766284 0.386694386694387 0.37344398340249
"624" 0.37015503875969 0.361003861003861 0.369731800766284 0.386694386694387 0.37344398340249
"625" 0.37015503875969 0.361003861003861 0.369731800766284 0.386694386694387 0.37344398340249
"626" 0.37015503875969 0.361003861003861 0.369731800766284 0.386694386694387 0.37344398340249
"627" 0.255639097744361 0.267015706806283 0.263329706202394 0.258343634116193 0.36283185840708
"628" 0.255639097744361 0.267015706806283 0.263329706202394 0.258343634116193 0.273942093541203
"629" 0.255639097744361 0.267015706806283 0.263329706202394 0.258343634116193 0.273942093541203
"630" 0.265979381443299 0.268817204301075 0.245210727969349 0.275607180570222 0.273942093541203
"631" 0.265979381443299 0.268817204301075 0.245210727969349 0.275607180570222 0.273942093541203
"632" 0.265979381443299 0.268817204301075 0.245210727969349 0.275607180570222 0.273942093541203
"633" 0.392523364485981 0.267015706806283 0.372262773722628 0.403669724770642 0.392857142857143
"634" 0.392523364485981 0.267015706806283 0.372262773722628 0.403669724770642 0.392857142857143
"635" 0.392523364485981 0.267015706806283 0.372262773722628 0.403669724770642 0.392857142857143
"636" 0.392523364485981 0.267015706806283 0.372262773722628 0.403669724770642 0.392857142857143
"637" 0.370808678500986 0.36996336996337 0.363813229571984 0.370093457943925 0.368320610687023
"638" 0.370808678500986 0.36996336996337 0.363813229571984 0.370093457943925 0.368320610687023
"639" 0.370808678500986 0.36996336996337 0.363813229571984 0.370093457943925 0.368320610687023
"640" 0.370808678500986 0.36996336996337 0.363813229571984 0.370093457943925 0.368320610687023
"641" 0.392523364485981 0.276955602536998 0.273381294964029 0.26255230125523 0.370967741935484
"642" 0.392523364485981 0.276955602536998 0.273381294964029 0.26255230125523 0.370967741935484
"643" 0.392523364485981 0.276955602536998 0.273381294964029 0.26255230125523 0.370967741935484
"644" 0.392523364485981 0.276955602536998 0.273381294964029 0.26255230125523 0.370967741935484
"645" 0.374269005847953 0.361702127659574 0.363813229571984 0.367424242424242 0.369202226345083
"646" 0.374269005847953 0.361702127659574 0.363813229571984 0.367424242424242 0.369202226345083
"647" 0.374269005847953 0.361702127659574 0.363813229571984 0.367424242424242 0.369202226345083
"648" 0.374269005847953 0.361702127659574 0.363813229571984 0.367424242424242 0.369202226345083
"649" 0.374269005847953 0.361702127659574 0.363813229571984 0.367424242424242 0.369202226345083
"650" 0.269230769230769 0.261521972132905 0.279591836734694 0.382113821138211 0.392857142857143
"651" 0.253333333333333 0.261521972132905 0.279591836734694 0.382113821138211 0.392857142857143
"652" 0.253333333333333 0.261521972132905 0.279591836734694 0.382113821138211 0.392857142857143
"653" 0.371647509578544 0.361702127659574 0.363813229571984 0.386694386694387 0.369202226345083
"654" 0.371647509578544 0.361702127659574 0.363813229571984 0.386694386694387 0.369202226345083
"655" 0.371647509578544 0.361702127659574 0.363813229571984 0.386694386694387 0.369202226345083
"656" 0.371647509578544 0.361702127659574 0.363813229571984 0.386694386694387 0.369202226345083
"657" 0.371647509578544 0.361702127659574 0.363813229571984 0.386694386694387 0.369202226345083
"658" 0.319018404907975 0.267015706806283 0.273381294964029 0.26255230125523 0.268703898840885
"659" 0.37015503875969 0.36996336996337 0.369731800766284 0.386694386694387 0.37344398340249
"660" 0.37015503875969 0.36996336996337 0.369731800766284 0.386694386694387 0.37344398340249
"661" 0.37015503875969 0.36996336996337 0.369731800766284 0.386694386694387 0.37344398340249
"662" 0.37015503875969 0.36996336996337 0.369731800766284 0.386694386694387 0.37344398340249
"663" 0.255639097744361 0.268817204301075 0.263329706202394 0.265330188679245 0.274590163934426
"664" 0.370808678500986 0.36996336996337 0.369731800766284 0.386694386694387 0.37344398340249
"665" 0.370808678500986 0.36996336996337 0.369731800766284 0.386694386694387 0.37344398340249
"666" 0.370808678500986 0.36996336996337 0.369731800766284 0.386694386694387 0.37344398340249
"667" 0.255639097744361 0.263473053892216 0.25625 0.265330188679245 0.274590163934426
"668" 0.364468864468864 0.380761523046092 0.363813229571984 0.367424242424242 0.373626373626374
"669" 0.364468864468864 0.380761523046092 0.363813229571984 0.367424242424242 0.373626373626374
"670" 0.364468864468864 0.380761523046092 0.363813229571984 0.367424242424242 0.373626373626374
"671" 0.364468864468864 0.380761523046092 0.363813229571984 0.367424242424242 0.373626373626374
"672" 0.175572519083969 0.267015706806283 0.263329706202394 0.26255230125523 0.268703898840885
"673" 0.175572519083969 0.267015706806283 0.263329706202394 0.26255230125523 0.268703898840885
"674" 0.175572519083969 0.267015706806283 0.263329706202394 0.26255230125523 0.268703898840885
"675" 0.175572519083969 0.267015706806283 0.263329706202394 0.26255230125523 0.268703898840885
"676" 0.364468864468864 0.377862595419847 0.374501992031873 0.386694386694387 0.369202226345083
"677" 0.364468864468864 0.377862595419847 0.374501992031873 0.386694386694387 0.369202226345083
"678" 0.364468864468864 0.377862595419847 0.374501992031873 0.386694386694387 0.369202226345083
"679" 0.364468864468864 0.377862595419847 0.374501992031873 0.386694386694387 0.369202226345083
"680" 0.265979381443299 0.276955602536998 0.245210727969349 0.265330188679245 0.259975816203144
"681" 0.265979381443299 0.268817204301075 0.263329706202394 0.265330188679245 0.274590163934426
"682" 0.265979381443299 0.268817204301075 0.263329706202394 0.265330188679245 0.274590163934426
"683" 0.265979381443299 0.268817204301075 0.263329706202394 0.265330188679245 0.274590163934426
"684" 0.265979381443299 0.268817204301075 0.263329706202394 0.265330188679245 0.274590163934426
"685" 0.265979381443299 0.268817204301075 0.263329706202394 0.265330188679245 0.274590163934426
"686" 0.37015503875969 0.36996336996337 0.369731800766284 0.36084452975048 0.37344398340249
"687" 0.37015503875969 0.36996336996337 0.369731800766284 0.36084452975048 0.37344398340249
"688" 0.37015503875969 0.36996336996337 0.369731800766284 0.36084452975048 0.37344398340249
"689" 0.374269005847953 0.377862595419847 0.375954198473282 0.36734693877551 0.369202226345083
"690" 0.374269005847953 0.377862595419847 0.375954198473282 0.36734693877551 0.369202226345083
"691" 0.374269005847953 0.377862595419847 0.375954198473282 0.36734693877551 0.369202226345083
"692" 0.374269005847953 0.377862595419847 0.375954198473282 0.36734693877551 0.369202226345083
"693" 0.374269005847953 0.377862595419847 0.375954198473282 0.36734693877551 0.369202226345083
"694" 0.370808678500986 0.380761523046092 0.367158671586716 0.36734693877551 0.366471734892788
"695" 0.370808678500986 0.380761523046092 0.367158671586716 0.36734693877551 0.366471734892788
"696" 0.255639097744361 0.268817204301075 0.279591836734694 0.258343634116193 0.268703898840885
"697" 0.255639097744361 0.268817204301075 0.279591836734694 0.258343634116193 0.268703898840885
"698" 0.374269005847953 0.380761523046092 0.367158671586716 0.36734693877551 0.373626373626374
"699" 0.374269005847953 0.380761523046092 0.367158671586716 0.36734693877551 0.373626373626374
"700" 0.374269005847953 0.380761523046092 0.367158671586716 0.36734693877551 0.373626373626374
"701" 0.374269005847953 0.380761523046092 0.367158671586716 0.36734693877551 0.373626373626374
"702" 0.374269005847953 0.380761523046092 0.367158671586716 0.36734693877551 0.373626373626374
"703" 0.25748502994012 0.276955602536998 0.263329706202394 0.259782608695652 0.268703898840885
"704" 0.25748502994012 0.276955602536998 0.263329706202394 0.259782608695652 0.268703898840885
"705" 0.25748502994012 0.276955602536998 0.263329706202394 0.259782608695652 0.268703898840885
"706" 0.25748502994012 0.276955602536998 0.263329706202394 0.259782608695652 0.268703898840885
"707" 0.25748502994012 0.276955602536998 0.263329706202394 0.259782608695652 0.268703898840885
"708" 0.364468864468864 0.36996336996337 0.369731800766284 0.36734693877551 0.366471734892788
"709" 0.265979381443299 0.263473053892216 0.25625 0.258343634116193 0.268703898840885
"710" 0.265979381443299 0.263473053892216 0.25625 0.258343634116193 0.268703898840885
"711" 0.364468864468864 0.377862595419847 0.367158671586716 0.386694386694387 0.37344398340249
"712" 0.364468864468864 0.377862595419847 0.367158671586716 0.386694386694387 0.37344398340249
"713" 0.364468864468864 0.377862595419847 0.367158671586716 0.386694386694387 0.37344398340249
"714" 0.364468864468864 0.377862595419847 0.367158671586716 0.386694386694387 0.37344398340249
"715" 0.25462962962963 0.261521972132905 0.245210727969349 0.265330188679245 0.268703898840885
"716" 0.25462962962963 0.261521972132905 0.245210727969349 0.265330188679245 0.268703898840885
"717" 0.25462962962963 0.261521972132905 0.245210727969349 0.265330188679245 0.268703898840885
"718" 0.255639097744361 0.263473053892216 0.279591836734694 0.275607180570222 0.268703898840885
"719" 0.265979381443299 0.276955602536998 0.263329706202394 0.26255230125523 0.268703898840885
"720" 0.265979381443299 0.276955602536998 0.263329706202394 0.26255230125523 0.268703898840885
"721" 0.255555555555556 0.263473053892216 0.245210727969349 0.259782608695652 0.241551939924906
"722" 0.371647509578544 0.361003861003861 0.375954198473282 0.370093457943925 0.369202226345083
"723" 0.319018404907975 0.267015706806283 0.263329706202394 0.26255230125523 0.259975816203144
"724" 0.319018404907975 0.267015706806283 0.263329706202394 0.26255230125523 0.259975816203144
"725" 0.319018404907975 0.267015706806283 0.263329706202394 0.26255230125523 0.259975816203144
"726" 0.319018404907975 0.267015706806283 0.263329706202394 0.26255230125523 0.259975816203144
"727" 0.370808678500986 0.377862595419847 0.374501992031873 0.386694386694387 0.366471734892788
"728" 0.370808678500986 0.377862595419847 0.374501992031873 0.386694386694387 0.366471734892788
"729" 0.255639097744361 0.276955602536998 0.245210727969349 0.265330188679245 0.268703898840885
"730" 0.255639097744361 0.276955602536998 0.245210727969349 0.265330188679245 0.268703898840885
"731" 0.364468864468864 0.361003861003861 0.375954198473282 0.370093457943925 0.37344398340249
"732" 0.364468864468864 0.361003861003861 0.375954198473282 0.370093457943925 0.37344398340249
"733" 0.364468864468864 0.361003861003861 0.375954198473282 0.370093457943925 0.37344398340249
"734" 0.364468864468864 0.361003861003861 0.375954198473282 0.370093457943925 0.37344398340249
"735" 0.364468864468864 0.380761523046092 0.363813229571984 0.36734693877551 0.373626373626374
"736" 0.364468864468864 0.380761523046092 0.363813229571984 0.36734693877551 0.373626373626374
"737" 0.265979381443299 0.268817204301075 0.273381294964029 0.258343634116193 0.241551939924906
"738" 0.265979381443299 0.268817204301075 0.273381294964029 0.258343634116193 0.241551939924906
"739" 0.265979381443299 0.268817204301075 0.273381294964029 0.258343634116193 0.241551939924906
"740" 0.371647509578544 0.361702127659574 0.375954198473282 0.36734693877551 0.373626373626374
"741" 0.369747899159664 0.261521972132905 0.263329706202394 0.382113821138211 0.368852459016393
"742" 0.369747899159664 0.261521972132905 0.263329706202394 0.382113821138211 0.368852459016393
"743" 0.369747899159664 0.261521972132905 0.263329706202394 0.382113821138211 0.368852459016393
"744" 0.0847457627118644 0.267015706806283 0.25625 0.259782608695652 0.268703898840885
"745" 0.364468864468864 0.380761523046092 0.375954198473282 0.36734693877551 0.369202226345083
"746" 0.364468864468864 0.380761523046092 0.375954198473282 0.36734693877551 0.369202226345083
"747" 0.364468864468864 0.380761523046092 0.375954198473282 0.36734693877551 0.369202226345083
"748" 0.265979381443299 0.268817204301075 0.263329706202394 0.258343634116193 0.259975816203144
"749" 0.265979381443299 0.268817204301075 0.263329706202394 0.258343634116193 0.259975816203144
"750" 0.390909090909091 0.268817204301075 0.279591836734694 0.259782608695652 0.268703898840885
"751" 0.390909090909091 0.268817204301075 0.279591836734694 0.259782608695652 0.268703898840885
"752" 0.390909090909091 0.268817204301075 0.279591836734694 0.259782608695652 0.268703898840885
"753" 0.390909090909091 0.268817204301075 0.279591836734694 0.259782608695652 0.268703898840885
"754" 0.390909090909091 0.268817204301075 0.279591836734694 0.259782608695652 0.268703898840885
"755" 0.255639097744361 0.263473053892216 0.245210727969349 0.258343634116193 0.268703898840885
"756" 0.255639097744361 0.263473053892216 0.245210727969349 0.258343634116193 0.268703898840885
"757" 0.255639097744361 0.263473053892216 0.245210727969349 0.258343634116193 0.268703898840885
"758" 0.255639097744361 0.263473053892216 0.245210727969349 0.258343634116193 0.268703898840885
"759" 0.255639097744361 0.263473053892216 0.245210727969349 0.258343634116193 0.268703898840885
"760" 0.319018404907975 0.276955602536998 0.263329706202394 0.258343634116193 0.259975816203144
"761" 0.319018404907975 0.276955602536998 0.263329706202394 0.258343634116193 0.259975816203144
"762" 0.319018404907975 0.276955602536998 0.263329706202394 0.258343634116193 0.259975816203144
"763" 0.265979381443299 0.276955602536998 0.279591836734694 0.265330188679245 0.259975816203144
"764" 0.265979381443299 0.276955602536998 0.279591836734694 0.265330188679245 0.259975816203144
"765" 0.265979381443299 0.276955602536998 0.279591836734694 0.265330188679245 0.259975816203144
"766" 0.265979381443299 0.276955602536998 0.279591836734694 0.265330188679245 0.259975816203144
"767" 0.265979381443299 0.276955602536998 0.279591836734694 0.265330188679245 0.259975816203144
"768" 0.292682926829268 0.276955602536998 0.273381294964029 0.258343634116193 0.101449275362319
"769" 0.255639097744361 0.263473053892216 0.25625 0.275607180570222 0.274590163934426
"770" 0.255639097744361 0.263473053892216 0.25625 0.275607180570222 0.274590163934426
"771" 0.255639097744361 0.263473053892216 0.25625 0.275607180570222 0.274590163934426
"772" 0.253333333333333 0.276955602536998 0.25625 0.259782608695652 0.274590163934426
"773" 0.253333333333333 0.276955602536998 0.25625 0.259782608695652 0.274590163934426
"774" 0.253333333333333 0.276955602536998 0.25625 0.259782608695652 0.274590163934426
"775" 0.253333333333333 0.276955602536998 0.25625 0.259782608695652 0.274590163934426
"776" 0.253333333333333 0.276955602536998 0.25625 0.259782608695652 0.274590163934426
"777" 0.25748502994012 0.268817204301075 0.263329706202394 0.259782608695652 0.259975816203144
"778" 0.25748502994012 0.268817204301075 0.263329706202394 0.259782608695652 0.259975816203144
"779" 0.25748502994012 0.268817204301075 0.263329706202394 0.259782608695652 0.259975816203144
"780" 0.25748502994012 0.268817204301075 0.263329706202394 0.259782608695652 0.259975816203144
"781" 0.25748502994012 0.268817204301075 0.263329706202394 0.259782608695652 0.259975816203144
"782" 0.25748502994012 0.276955602536998 0.273381294964029 0.259782608695652 0.241551939924906
"783" 0.25748502994012 0.276955602536998 0.273381294964029 0.259782608695652 0.241551939924906
"784" 0.25748502994012 0.276955602536998 0.273381294964029 0.259782608695652 0.241551939924906
"785" 0.25748502994012 0.276955602536998 0.273381294964029 0.259782608695652 0.241551939924906
"786" 0.25748502994012 0.276955602536998 0.273381294964029 0.259782608695652 0.241551939924906
"787" 0.265979381443299 0.263473053892216 0.279591836734694 0.26255230125523 0.274590163934426
"788" 0.265979381443299 0.263473053892216 0.279591836734694 0.26255230125523 0.274590163934426
"789" 0.265979381443299 0.263473053892216 0.279591836734694 0.26255230125523 0.274590163934426
"790" 0.265979381443299 0.263473053892216 0.279591836734694 0.26255230125523 0.274590163934426
"791" 0.25748502994012 0.263473053892216 0.263329706202394 0.275607180570222 0.224489795918367
"792" 0.25748502994012 0.263473053892216 0.263329706202394 0.275607180570222 0.273942093541203
"793" 0.370808678500986 0.36996336996337 0.363813229571984 0.367424242424242 0.37344398340249
"794" 0.370808678500986 0.36996336996337 0.363813229571984 0.367424242424242 0.37344398340249
"795" 0.370808678500986 0.36996336996337 0.363813229571984 0.367424242424242 0.37344398340249
"796" 0.371647509578544 0.361003861003861 0.367158671586716 0.36084452975048 0.369202226345083
"797" 0.371647509578544 0.361003861003861 0.367158671586716 0.36084452975048 0.369202226345083
"798" 0.371647509578544 0.361003861003861 0.367158671586716 0.36084452975048 0.369202226345083
"799" 0.369747899159664 0.267015706806283 0.279591836734694 0.275607180570222 0.392857142857143
"800" 0.369747899159664 0.267015706806283 0.279591836734694 0.275607180570222 0.392857142857143
"801" 0.25748502994012 0.267015706806283 0.279591836734694 0.265330188679245 0.241551939924906
"802" 0.25748502994012 0.267015706806283 0.279591836734694 0.265330188679245 0.241551939924906
"803" 0.25748502994012 0.267015706806283 0.279591836734694 0.265330188679245 0.241551939924906
"804" 0.25748502994012 0.267015706806283 0.279591836734694 0.265330188679245 0.241551939924906
"805" 0.370808678500986 0.377862595419847 0.367158671586716 0.36084452975048 0.368320610687023
"806" 0.370808678500986 0.377862595419847 0.367158671586716 0.36084452975048 0.368320610687023
"807" 0.255639097744361 0.276955602536998 0.279591836734694 0.275607180570222 0.36283185840708
"808" 0.255639097744361 0.276955602536998 0.279591836734694 0.275607180570222 0.36283185840708
"809" 0.255639097744361 0.276955602536998 0.279591836734694 0.275607180570222 0.36283185840708
"810" 0.374269005847953 0.361003861003861 0.369731800766284 0.370093457943925 0.369202226345083
"811" 0.25748502994012 0.267015706806283 0.25625 0.26255230125523 0.259975816203144
"812" 0.25748502994012 0.267015706806283 0.25625 0.26255230125523 0.259975816203144
"813" 0.25748502994012 0.267015706806283 0.25625 0.26255230125523 0.259975816203144
"814" 0.265979381443299 0.261521972132905 0.279591836734694 0.26255230125523 0.259975816203144
"815" 0.253333333333333 0.267015706806283 0.25625 0.26255230125523 0.259975816203144
"816" 0.253333333333333 0.267015706806283 0.25625 0.26255230125523 0.259975816203144
"817" 0.253333333333333 0.267015706806283 0.25625 0.26255230125523 0.259975816203144
"818" 0.253333333333333 0.267015706806283 0.25625 0.26255230125523 0.259975816203144
"819" 0.253333333333333 0.267015706806283 0.25625 0.26255230125523 0.259975816203144
"820" 0.265979381443299 0.276955602536998 0.273381294964029 0.265330188679245 0.241551939924906
"821" 0.265979381443299 0.276955602536998 0.273381294964029 0.265330188679245 0.241551939924906
"822" 0.265979381443299 0.276955602536998 0.273381294964029 0.265330188679245 0.241551939924906
"823" 0.265979381443299 0.276955602536998 0.273381294964029 0.265330188679245 0.241551939924906
"824" 0.265979381443299 0.276955602536998 0.273381294964029 0.265330188679245 0.241551939924906
"825" 0.25748502994012 0.268817204301075 0.279591836734694 0.259782608695652 0.274590163934426
"826" 0.25748502994012 0.268817204301075 0.279591836734694 0.259782608695652 0.274590163934426
"827" 0.25748502994012 0.268817204301075 0.279591836734694 0.259782608695652 0.274590163934426
"828" 0.25748502994012 0.268817204301075 0.279591836734694 0.259782608695652 0.274590163934426
"829" 0.25748502994012 0.268817204301075 0.279591836734694 0.259782608695652 0.274590163934426
"830" 0.37015503875969 0.36996336996337 0.363813229571984 0.36734693877551 0.366471734892788
"831" 0.465116279069767 0.263473053892216 0.273381294964029 0.258343634116193 0.268703898840885
"832" 0.465116279069767 0.263473053892216 0.273381294964029 0.258343634116193 0.268703898840885
"833" 0.465116279069767 0.263473053892216 0.273381294964029 0.258343634116193 0.268703898840885
"834" 0.465116279069767 0.263473053892216 0.273381294964029 0.258343634116193 0.268703898840885
"835" 0.364468864468864 0.361003861003861 0.363813229571984 0.367424242424242 0.373626373626374
"836" 0.265979381443299 0.267015706806283 0.273381294964029 0.259782608695652 0.241551939924906
"837" 0.265979381443299 0.267015706806283 0.273381294964029 0.259782608695652 0.241551939924906
"838" 0.265979381443299 0.267015706806283 0.273381294964029 0.259782608695652 0.241551939924906
"839" 0.292682926829268 0.267015706806283 0.245210727969349 0.265330188679245 0.101449275362319
"840" 0.292682926829268 0.267015706806283 0.245210727969349 0.265330188679245 0.101449275362319
"841" 0.292682926829268 0.267015706806283 0.245210727969349 0.265330188679245 0.101449275362319
"842" 0.292682926829268 0.267015706806283 0.245210727969349 0.265330188679245 0.101449275362319
"843" 0.292682926829268 0.267015706806283 0.245210727969349 0.265330188679245 0.101449275362319
"844" 0.390909090909091 0.276955602536998 0.273381294964029 0.275607180570222 0.392857142857143
"845" 0.390909090909091 0.276955602536998 0.273381294964029 0.275607180570222 0.392857142857143
"846" 0.390909090909091 0.276955602536998 0.273381294964029 0.275607180570222 0.392857142857143
"847" 0.370808678500986 0.361003861003861 0.367158671586716 0.367424242424242 0.373626373626374
"848" 0.370808678500986 0.361003861003861 0.367158671586716 0.367424242424242 0.373626373626374
"849" 0.370808678500986 0.361003861003861 0.367158671586716 0.367424242424242 0.373626373626374
"850" 0.370808678500986 0.361003861003861 0.367158671586716 0.367424242424242 0.373626373626374
"851" 0.370808678500986 0.361003861003861 0.367158671586716 0.367424242424242 0.373626373626374
"852" 0.37015503875969 0.380761523046092 0.375954198473282 0.36084452975048 0.373626373626374
"853" 0.1875 0.268817204301075 0.263329706202394 0.275607180570222 0.241551939924906
"854" 0.1875 0.268817204301075 0.263329706202394 0.275607180570222 0.241551939924906
"855" 0.374269005847953 0.361702127659574 0.367158671586716 0.36084452975048 0.373626373626374
"856" 0.25748502994012 0.261521972132905 0.279591836734694 0.275607180570222 0.241551939924906
"857" 0.318181818181818 0.268817204301075 0.263329706202394 0.258343634116193 0.274590163934426
"858" 0.318181818181818 0.268817204301075 0.263329706202394 0.258343634116193 0.274590163934426
"859" 0.25462962962963 0.261521972132905 0.25625 0.26255230125523 0.274590163934426
"860" 0.374269005847953 0.361003861003861 0.363813229571984 0.36734693877551 0.368320610687023
"861" 0.374269005847953 0.361003861003861 0.363813229571984 0.36734693877551 0.368320610687023
"862" 0.374269005847953 0.361003861003861 0.363813229571984 0.36734693877551 0.368320610687023
"863" 0.25748502994012 0.267015706806283 0.273381294964029 0.258343634116193 0.227642276422764
"864" 0.25748502994012 0.267015706806283 0.273381294964029 0.258343634116193 0.227642276422764
"865" 0.364468864468864 0.377862595419847 0.375954198473282 0.386694386694387 0.368320610687023
"866" 0.364468864468864 0.377862595419847 0.375954198473282 0.386694386694387 0.368320610687023
"867" 0.265979381443299 0.276955602536998 0.263329706202394 0.265330188679245 0.227642276422764
"868" 0.0847457627118644 0.261521972132905 0.279591836734694 0.275607180570222 0.259975816203144
"869" 0.0847457627118644 0.261521972132905 0.279591836734694 0.275607180570222 0.259975816203144
"870" 0.0847457627118644 0.261521972132905 0.279591836734694 0.275607180570222 0.259975816203144
"871" 0.0847457627118644 0.261521972132905 0.279591836734694 0.275607180570222 0.259975816203144
"872" 0.0847457627118644 0.261521972132905 0.279591836734694 0.275607180570222 0.259975816203144
"873" 0.364468864468864 0.36996336996337 0.375954198473282 0.370093457943925 0.37344398340249
"874" 0.364468864468864 0.36996336996337 0.375954198473282 0.370093457943925 0.37344398340249
"875" 0.364468864468864 0.36996336996337 0.375954198473282 0.370093457943925 0.37344398340249
"876" 0.364468864468864 0.36996336996337 0.375954198473282 0.370093457943925 0.37344398340249
"877" 0.364468864468864 0.36996336996337 0.375954198473282 0.370093457943925 0.37344398340249
"878" 0.371647509578544 0.361702127659574 0.374501992031873 0.36084452975048 0.37344398340249
"879" 0.371647509578544 0.361702127659574 0.374501992031873 0.36084452975048 0.37344398340249
"880" 0.371647509578544 0.361702127659574 0.374501992031873 0.36084452975048 0.37344398340249
"881" 0.371647509578544 0.361702127659574 0.374501992031873 0.36084452975048 0.37344398340249
"882" 0.390909090909091 0.398230088495575 0.383333333333333 0.382113821138211 0.392857142857143
"883" 0.390909090909091 0.398230088495575 0.383333333333333 0.382113821138211 0.392857142857143
"884" 0.390909090909091 0.398230088495575 0.383333333333333 0.382113821138211 0.392857142857143
"885" 0.390909090909091 0.398230088495575 0.383333333333333 0.382113821138211 0.392857142857143
"886" 0.390909090909091 0.398230088495575 0.383333333333333 0.382113821138211 0.392857142857143
"887" 0.25748502994012 0.263473053892216 0.273381294964029 0.259782608695652 0.274590163934426
"888" 0.25748502994012 0.263473053892216 0.273381294964029 0.259782608695652 0.274590163934426
"889" 0.25748502994012 0.263473053892216 0.273381294964029 0.259782608695652 0.274590163934426
"890" 0.374269005847953 0.361003861003861 0.369731800766284 0.386694386694387 0.373626373626374
"891" 0.25748502994012 0.267015706806283 0.372262773722628 0.265330188679245 0.368852459016393
"892" 0.25748502994012 0.267015706806283 0.372262773722628 0.265330188679245 0.368852459016393
"893" 0.25748502994012 0.267015706806283 0.372262773722628 0.265330188679245 0.368852459016393
"894" 0.25748502994012 0.267015706806283 0.372262773722628 0.265330188679245 0.368852459016393
"895" 0.364468864468864 0.361003861003861 0.375954198473282 0.36084452975048 0.366471734892788
"896" 0.364468864468864 0.361003861003861 0.375954198473282 0.36084452975048 0.366471734892788
"897" 0.364468864468864 0.361003861003861 0.375954198473282 0.36084452975048 0.366471734892788
"898" 0.364468864468864 0.361003861003861 0.375954198473282 0.36084452975048 0.366471734892788
"899" 0.37015503875969 0.377862595419847 0.374501992031873 0.370093457943925 0.368320610687023
"900" 0.269230769230769 0.276955602536998 0.383333333333333 0.26255230125523 0.370967741935484
"901" 0.25748502994012 0.263473053892216 0.245210727969349 0.259782608695652 0.241551939924906
"902" 0.25748502994012 0.263473053892216 0.245210727969349 0.259782608695652 0.241551939924906
"903" 0.374269005847953 0.361702127659574 0.374501992031873 0.367424242424242 0.366471734892788
"904" 0.374269005847953 0.361702127659574 0.374501992031873 0.367424242424242 0.366471734892788
"905" 0.374269005847953 0.361702127659574 0.374501992031873 0.367424242424242 0.366471734892788
"906" 0.374269005847953 0.361702127659574 0.374501992031873 0.367424242424242 0.366471734892788
"907" 0.319018404907975 0.263473053892216 0.279591836734694 0.265330188679245 0.36283185840708
"908" 0.255639097744361 0.261521972132905 0.263329706202394 0.275607180570222 0.224489795918367
"909" 0.255639097744361 0.261521972132905 0.263329706202394 0.275607180570222 0.101449275362319
"910" 0.255639097744361 0.261521972132905 0.263329706202394 0.275607180570222 0.101449275362319
"911" 0.255639097744361 0.261521972132905 0.263329706202394 0.275607180570222 0.101449275362319
"912" 0.255639097744361 0.261521972132905 0.263329706202394 0.275607180570222 0.101449275362319
"913" 0.255639097744361 0.276955602536998 0.279591836734694 0.275607180570222 0.227642276422764
"914" 0.25748502994012 0.263473053892216 0.279591836734694 0.26255230125523 0.268703898840885
"915" 0.374269005847953 0.361003861003861 0.375954198473282 0.36734693877551 0.37344398340249
"916" 0.374269005847953 0.361003861003861 0.375954198473282 0.36734693877551 0.37344398340249
"917" 0.374269005847953 0.361003861003861 0.375954198473282 0.36734693877551 0.37344398340249
"918" 0.374269005847953 0.361003861003861 0.375954198473282 0.36734693877551 0.37344398340249
"919" 0.25462962962963 0.261521972132905 0.273381294964029 0.259782608695652 0.241551939924906
"920" 0.25462962962963 0.261521972132905 0.273381294964029 0.259782608695652 0.241551939924906
"921" 0.25462962962963 0.261521972132905 0.273381294964029 0.259782608695652 0.241551939924906
"922" 0.25462962962963 0.261521972132905 0.273381294964029 0.259782608695652 0.241551939924906
"923" 0.255639097744361 0.263473053892216 0.273381294964029 0.259782608695652 0.241551939924906
"924" 0.255639097744361 0.263473053892216 0.273381294964029 0.259782608695652 0.241551939924906
"925" 0.255639097744361 0.263473053892216 0.273381294964029 0.259782608695652 0.241551939924906
"926" 0.255639097744361 0.263473053892216 0.273381294964029 0.259782608695652 0.241551939924906
"927" 0.255639097744361 0.263473053892216 0.273381294964029 0.259782608695652 0.241551939924906
"928" 0.374269005847953 0.377862595419847 0.374501992031873 0.370093457943925 0.373626373626374
"929" 0.374269005847953 0.377862595419847 0.374501992031873 0.370093457943925 0.373626373626374
"930" 0.374269005847953 0.377862595419847 0.374501992031873 0.370093457943925 0.373626373626374
"931" 0.374269005847953 0.377862595419847 0.374501992031873 0.370093457943925 0.373626373626374
"932" 0.374269005847953 0.377862595419847 0.374501992031873 0.370093457943925 0.373626373626374
"933" 0.25462962962963 0.267015706806283 0.279591836734694 0.275607180570222 0.259975816203144
"934" 0.25462962962963 0.267015706806283 0.279591836734694 0.275607180570222 0.259975816203144
"935" 0.25462962962963 0.267015706806283 0.279591836734694 0.275607180570222 0.259975816203144
"936" 0.25462962962963 0.267015706806283 0.279591836734694 0.275607180570222 0.259975816203144
"937" 0.25462962962963 0.267015706806283 0.279591836734694 0.275607180570222 0.259975816203144
"938" 0.37015503875969 0.361702127659574 0.374501992031873 0.370093457943925 0.366471734892788
"939" 0.37015503875969 0.361702127659574 0.374501992031873 0.370093457943925 0.366471734892788
"940" 0.37015503875969 0.361702127659574 0.374501992031873 0.370093457943925 0.366471734892788
"941" 0.37015503875969 0.361702127659574 0.374501992031873 0.370093457943925 0.366471734892788
"942" 0.37015503875969 0.361702127659574 0.374501992031873 0.370093457943925 0.366471734892788
"943" 0.364468864468864 0.380761523046092 0.369731800766284 0.36084452975048 0.368320610687023
"944" 0.265979381443299 0.268817204301075 0.25625 0.275607180570222 0.224489795918367
"945" 0.265979381443299 0.268817204301075 0.25625 0.275607180570222 0.273942093541203
"946" 0.265979381443299 0.268817204301075 0.25625 0.275607180570222 0.273942093541203
"947" 0.25462962962963 0.261521972132905 0.245210727969349 0.258343634116193 0.268703898840885
"948" 0.25462962962963 0.261521972132905 0.245210727969349 0.258343634116193 0.268703898840885
"949" 0.25462962962963 0.261521972132905 0.245210727969349 0.258343634116193 0.268703898840885
"950" 0.25462962962963 0.261521972132905 0.245210727969349 0.258343634116193 0.268703898840885
"951" 0.255639097744361 0.267015706806283 0.25625 0.259782608695652 0.241551939924906
"952" 0.255639097744361 0.267015706806283 0.25625 0.259782608695652 0.241551939924906
"953" 0.255639097744361 0.267015706806283 0.25625 0.259782608695652 0.241551939924906
"954" 0.255639097744361 0.267015706806283 0.25625 0.259782608695652 0.241551939924906
"955" 0.255639097744361 0.267015706806283 0.25625 0.259782608695652 0.241551939924906
"956" 0.265979381443299 0.263473053892216 0.273381294964029 0.26255230125523 0.268703898840885
"957" 0.265979381443299 0.263473053892216 0.273381294964029 0.26255230125523 0.268703898840885
"958" 0.265979381443299 0.263473053892216 0.273381294964029 0.26255230125523 0.268703898840885
"959" 0.265979381443299 0.263473053892216 0.273381294964029 0.26255230125523 0.268703898840885
"960" 0.265979381443299 0.263473053892216 0.273381294964029 0.26255230125523 0.268703898840885
"961" 0.370808678500986 0.361003861003861 0.369731800766284 0.36734693877551 0.369202226345083
"962" 0.255639097744361 0.267015706806283 0.25625 0.258343634116193 0.259975816203144
"963" 0.255639097744361 0.267015706806283 0.25625 0.258343634116193 0.259975816203144
"964" 0.255639097744361 0.267015706806283 0.25625 0.258343634116193 0.259975816203144
"965" 0.1875 0.267015706806283 0.263329706202394 0.26255230125523 0.392857142857143
"966" 0.1875 0.267015706806283 0.263329706202394 0.26255230125523 0.392857142857143
"967" 0.374269005847953 0.361702127659574 0.369731800766284 0.370093457943925 0.37344398340249
"968" 0.374269005847953 0.361702127659574 0.369731800766284 0.370093457943925 0.37344398340249
"969" 0.374269005847953 0.361702127659574 0.369731800766284 0.370093457943925 0.37344398340249
"970" 0.374269005847953 0.361702127659574 0.369731800766284 0.370093457943925 0.37344398340249
"971" 0.374269005847953 0.361702127659574 0.369731800766284 0.370093457943925 0.37344398340249
"972" 0.371647509578544 0.380761523046092 0.375954198473282 0.386694386694387 0.373626373626374
"973" 0.319018404907975 0.268817204301075 0.263329706202394 0.265330188679245 0.241551939924906
"974" 0.319018404907975 0.268817204301075 0.263329706202394 0.265330188679245 0.241551939924906
"975" 0.319018404907975 0.268817204301075 0.263329706202394 0.265330188679245 0.241551939924906
"976" 0.374269005847953 0.361702127659574 0.369731800766284 0.367424242424242 0.37344398340249
"977" 0.374269005847953 0.361702127659574 0.369731800766284 0.367424242424242 0.37344398340249
"978" 0.374269005847953 0.361702127659574 0.369731800766284 0.367424242424242 0.37344398340249
"979" 0.374269005847953 0.361702127659574 0.369731800766284 0.367424242424242 0.37344398340249
"980" 0.374269005847953 0.361702127659574 0.369731800766284 0.367424242424242 0.37344398340249
"981" 0.370808678500986 0.377862595419847 0.375954198473282 0.36084452975048 0.37344398340249
"982" 0.370808678500986 0.377862595419847 0.375954198473282 0.36084452975048 0.37344398340249
"983" 0.255639097744361 0.276955602536998 0.263329706202394 0.275607180570222 0.274590163934426
"984" 0.255639097744361 0.276955602536998 0.263329706202394 0.275607180570222 0.274590163934426
"985" 0.255639097744361 0.276955602536998 0.263329706202394 0.275607180570222 0.274590163934426
"986" 0.269230769230769 0.263473053892216 0.263329706202394 0.258343634116193 0.36283185840708
"987" 0.269230769230769 0.263473053892216 0.263329706202394 0.258343634116193 0.36283185840708
"988" 0.269230769230769 0.263473053892216 0.263329706202394 0.258343634116193 0.36283185840708
"989" 0.269230769230769 0.263473053892216 0.263329706202394 0.258343634116193 0.36283185840708
"990" 0.364468864468864 0.361003861003861 0.369731800766284 0.370093457943925 0.366471734892788
"991" 0.265979381443299 0.267015706806283 0.25625 0.26255230125523 0.268703898840885
"992" 0.265979381443299 0.267015706806283 0.25625 0.26255230125523 0.268703898840885
"993" 0.265979381443299 0.267015706806283 0.25625 0.26255230125523 0.268703898840885
"994" 0.265979381443299 0.267015706806283 0.25625 0.26255230125523 0.268703898840885
"995" 0.369747899159664 0.261521972132905 0.279591836734694 0.275607180570222 0.392857142857143
"996" 0.369747899159664 0.261521972132905 0.279591836734694 0.275607180570222 0.392857142857143
"997" 0.369747899159664 0.261521972132905 0.279591836734694 0.275607180570222 0.392857142857143
"998" 0.25462962962963 0.276955602536998 0.273381294964029 0.259782608695652 0.268703898840885
"999" 0.25462962962963 0.276955602536998 0.273381294964029 0.259782608695652 0.268703898840885
"1000" 0.25462962962963 0.276955602536998 0.273381294964029 0.259782608695652 0.268703898840885
"1001" 0.25462962962963 0.276955602536998 0.273381294964029 0.259782608695652 0.268703898840885
"1002" 0.255555555555556 0.268817204301075 0.25625 0.258343634116193 0.259975816203144
"1003" 0.255555555555556 0.268817204301075 0.25625 0.258343634116193 0.259975816203144
"1004" 0.255555555555556 0.268817204301075 0.25625 0.258343634116193 0.259975816203144
"1005" 0.255555555555556 0.268817204301075 0.25625 0.258343634116193 0.259975816203144
"1006" 0.255555555555556 0.268817204301075 0.25625 0.258343634116193 0.259975816203144
"1007" 0.371647509578544 0.377862595419847 0.367158671586716 0.386694386694387 0.368320610687023
"1008" 0.0847457627118644 0.276955602536998 0.279591836734694 0.265330188679245 0.273942093541203
"1009" 0.0847457627118644 0.276955602536998 0.279591836734694 0.265330188679245 0.273942093541203
"1010" 0.0847457627118644 0.276955602536998 0.279591836734694 0.265330188679245 0.273942093541203
"1011" 0.370808678500986 0.377862595419847 0.367158671586716 0.36084452975048 0.366471734892788
"1012" 0.370808678500986 0.377862595419847 0.367158671586716 0.36084452975048 0.366471734892788
"1013" 0.370808678500986 0.377862595419847 0.367158671586716 0.36084452975048 0.366471734892788
"1014" 0.370808678500986 0.377862595419847 0.367158671586716 0.36084452975048 0.366471734892788
"1015" 0.265979381443299 0.267015706806283 0.245210727969349 0.259782608695652 0.224489795918367
"1016" 0.265979381443299 0.267015706806283 0.245210727969349 0.259782608695652 0.273942093541203
"1017" 0.265979381443299 0.267015706806283 0.245210727969349 0.259782608695652 0.273942093541203
"1018" 0.371647509578544 0.380761523046092 0.375954198473282 0.367424242424242 0.373626373626374
"1019" 0.371647509578544 0.380761523046092 0.375954198473282 0.367424242424242 0.373626373626374
"1020" 0.371647509578544 0.380761523046092 0.375954198473282 0.367424242424242 0.373626373626374
"1021" 0.371647509578544 0.380761523046092 0.375954198473282 0.367424242424242 0.373626373626374
"1022" 0.371647509578544 0.380761523046092 0.375954198473282 0.367424242424242 0.373626373626374
"1023" 0.255639097744361 0.261521972132905 0.279591836734694 0.275607180570222 0.274590163934426
"1024" 0.255639097744361 0.261521972132905 0.279591836734694 0.275607180570222 0.274590163934426
"1025" 0.255639097744361 0.261521972132905 0.279591836734694 0.275607180570222 0.274590163934426
"1026" 0.255639097744361 0.261521972132905 0.279591836734694 0.275607180570222 0.274590163934426
"1027" 0.255639097744361 0.261521972132905 0.279591836734694 0.275607180570222 0.274590163934426
"1028" 0.175572519083969 0.267015706806283 0.245210727969349 0.26255230125523 0.274590163934426
"1029" 0.175572519083969 0.267015706806283 0.245210727969349 0.26255230125523 0.274590163934426
"1030" 0.175572519083969 0.267015706806283 0.245210727969349 0.26255230125523 0.274590163934426
"1031" 0.175572519083969 0.267015706806283 0.245210727969349 0.26255230125523 0.274590163934426
"1032" 0.175572519083969 0.267015706806283 0.245210727969349 0.26255230125523 0.274590163934426
"1033" 0.390909090909091 0.268817204301075 0.263329706202394 0.382113821138211 0.274590163934426
"1034" 0.390909090909091 0.268817204301075 0.263329706202394 0.382113821138211 0.274590163934426
"1035" 0.374269005847953 0.380761523046092 0.374501992031873 0.386694386694387 0.366471734892788
"1036" 0.374269005847953 0.380761523046092 0.374501992031873 0.386694386694387 0.366471734892788
"1037" 0.25748502994012 0.268817204301075 0.245210727969349 0.265330188679245 0.268703898840885
"1038" 0.25748502994012 0.268817204301075 0.245210727969349 0.265330188679245 0.268703898840885
"1039" 0.25748502994012 0.268817204301075 0.245210727969349 0.265330188679245 0.268703898840885
"1040" 0.0847457627118644 0.267015706806283 0.263329706202394 0.259782608695652 0.274590163934426
"1041" 0.0847457627118644 0.267015706806283 0.263329706202394 0.259782608695652 0.274590163934426
"1042" 0.0847457627118644 0.267015706806283 0.263329706202394 0.259782608695652 0.274590163934426
"1043" 0.318181818181818 0.267015706806283 0.279591836734694 0.258343634116193 0.241551939924906
"1044" 0.275862068965517 0.268817204301075 0.279591836734694 0.265330188679245 0.241551939924906
"1045" 0.275862068965517 0.268817204301075 0.279591836734694 0.265330188679245 0.241551939924906
"1046" 0.275862068965517 0.268817204301075 0.279591836734694 0.265330188679245 0.241551939924906
"1047" 0.275862068965517 0.268817204301075 0.279591836734694 0.265330188679245 0.241551939924906
"1048" 0.324324324324324 0.261521972132905 0.273381294964029 0.259782608695652 0.274590163934426
"1049" 0.324324324324324 0.261521972132905 0.273381294964029 0.259782608695652 0.274590163934426
"1050" 0.324324324324324 0.261521972132905 0.273381294964029 0.259782608695652 0.274590163934426
"1051" 0.324324324324324 0.261521972132905 0.273381294964029 0.259782608695652 0.274590163934426
"1052" 0.324324324324324 0.261521972132905 0.273381294964029 0.259782608695652 0.274590163934426
"1053" 0.370808678500986 0.361702127659574 0.367158671586716 0.386694386694387 0.368320610687023
"1054" 0.370808678500986 0.361702127659574 0.367158671586716 0.386694386694387 0.368320610687023
"1055" 0.370808678500986 0.361702127659574 0.367158671586716 0.386694386694387 0.368320610687023
"1056" 0.370808678500986 0.361702127659574 0.367158671586716 0.386694386694387 0.368320610687023
"1057" 0.465116279069767 0.261521972132905 0.245210727969349 0.259782608695652 0.268703898840885
"1058" 0.465116279069767 0.261521972132905 0.245210727969349 0.259782608695652 0.268703898840885
"1059" 0.465116279069767 0.261521972132905 0.245210727969349 0.259782608695652 0.268703898840885
"1060" 0.364468864468864 0.377862595419847 0.367158671586716 0.36734693877551 0.368320610687023
"1061" 0.364468864468864 0.377862595419847 0.367158671586716 0.36734693877551 0.368320610687023
"1062" 0.364468864468864 0.377862595419847 0.367158671586716 0.36734693877551 0.368320610687023
"1063" 0.265979381443299 0.276955602536998 0.279591836734694 0.258343634116193 0.273942093541203
"1064" 0.265979381443299 0.276955602536998 0.279591836734694 0.258343634116193 0.273942093541203
"1065" 0.37015503875969 0.380761523046092 0.374501992031873 0.36084452975048 0.366471734892788
"1066" 0.253333333333333 0.268817204301075 0.245210727969349 0.275607180570222 0.268703898840885
"1067" 0.269230769230769 0.268817204301075 0.245210727969349 0.275607180570222 0.268703898840885
"1068" 0.269230769230769 0.268817204301075 0.245210727969349 0.275607180570222 0.268703898840885
"1069" 0.255639097744361 0.267015706806283 0.25625 0.275607180570222 0.274590163934426
"1070" 0.255639097744361 0.267015706806283 0.25625 0.275607180570222 0.274590163934426
"1071" 0.255639097744361 0.267015706806283 0.25625 0.275607180570222 0.274590163934426
"1072" 0.318181818181818 0.276955602536998 0.25625 0.258343634116193 0.241551939924906
"1073" 0.318181818181818 0.276955602536998 0.25625 0.258343634116193 0.241551939924906
"1074" 0.416666666666667 0.261521972132905 0.25625 0.259782608695652 0.259975816203144
"1075" 0.416666666666667 0.261521972132905 0.25625 0.259782608695652 0.259975816203144
"1076" 0.416666666666667 0.261521972132905 0.25625 0.259782608695652 0.259975816203144
"1077" 0.416666666666667 0.261521972132905 0.25625 0.259782608695652 0.259975816203144
"1078" 0.416666666666667 0.261521972132905 0.25625 0.259782608695652 0.259975816203144
"1079" 0.265979381443299 0.261521972132905 0.273381294964029 0.259782608695652 0.273942093541203
"1080" 0.37015503875969 0.380761523046092 0.363813229571984 0.386694386694387 0.373626373626374
"1081" 0.37015503875969 0.380761523046092 0.363813229571984 0.386694386694387 0.373626373626374
"1082" 0.37015503875969 0.380761523046092 0.363813229571984 0.386694386694387 0.373626373626374
"1083" 0.37015503875969 0.380761523046092 0.363813229571984 0.386694386694387 0.373626373626374
"1084" 0.37015503875969 0.380761523046092 0.363813229571984 0.386694386694387 0.373626373626374
"1085" 0.255639097744361 0.267015706806283 0.245210727969349 0.258343634116193 0.241551939924906
"1086" 0.255639097744361 0.267015706806283 0.245210727969349 0.258343634116193 0.241551939924906
"1087" 0.255639097744361 0.267015706806283 0.245210727969349 0.258343634116193 0.241551939924906
"1088" 0.255639097744361 0.267015706806283 0.245210727969349 0.258343634116193 0.241551939924906
"1089" 0.255639097744361 0.267015706806283 0.245210727969349 0.258343634116193 0.241551939924906
"1090" 0.371647509578544 0.377862595419847 0.374501992031873 0.367424242424242 0.37344398340249
"1091" 0.371647509578544 0.377862595419847 0.374501992031873 0.367424242424242 0.37344398340249
"1092" 0.371647509578544 0.377862595419847 0.374501992031873 0.367424242424242 0.37344398340249
"1093" 0.371647509578544 0.377862595419847 0.374501992031873 0.367424242424242 0.37344398340249
"1094" 0.371647509578544 0.377862595419847 0.374501992031873 0.367424242424242 0.37344398340249
"1095" 0.370808678500986 0.380761523046092 0.369731800766284 0.386694386694387 0.373626373626374
"1096" 0.371647509578544 0.377862595419847 0.367158671586716 0.36084452975048 0.37344398340249
"1097" 0.25462962962963 0.276955602536998 0.279591836734694 0.275607180570222 0.274590163934426
"1098" 0.25462962962963 0.276955602536998 0.279591836734694 0.275607180570222 0.274590163934426
"1099" 0.364468864468864 0.361702127659574 0.374501992031873 0.367424242424242 0.368320610687023
"1100" 0.364468864468864 0.361702127659574 0.374501992031873 0.367424242424242 0.368320610687023
"1101" 0.364468864468864 0.361702127659574 0.374501992031873 0.367424242424242 0.368320610687023
"1102" 0.364468864468864 0.361702127659574 0.374501992031873 0.367424242424242 0.368320610687023
"1103" 0.364468864468864 0.361702127659574 0.374501992031873 0.367424242424242 0.368320610687023
"1104" 0.318181818181818 0.267015706806283 0.263329706202394 0.259782608695652 0.268703898840885
"1105" 0.318181818181818 0.267015706806283 0.263329706202394 0.259782608695652 0.268703898840885
"1106" 0.318181818181818 0.267015706806283 0.263329706202394 0.259782608695652 0.268703898840885
"1107" 0.318181818181818 0.267015706806283 0.263329706202394 0.259782608695652 0.268703898840885
"1108" 0.318181818181818 0.267015706806283 0.263329706202394 0.259782608695652 0.268703898840885
"1109" 0.37015503875969 0.377862595419847 0.374501992031873 0.367424242424242 0.373626373626374
"1110" 0.253333333333333 0.276955602536998 0.245210727969349 0.259782608695652 0.241551939924906
"1111" 0.253333333333333 0.276955602536998 0.245210727969349 0.259782608695652 0.241551939924906
"1112" 0.253333333333333 0.276955602536998 0.245210727969349 0.259782608695652 0.241551939924906
"1113" 0.253333333333333 0.276955602536998 0.245210727969349 0.259782608695652 0.241551939924906
"1114" 0.265979381443299 0.261521972132905 0.263329706202394 0.403669724770642 0.368852459016393
"1115" 0.265979381443299 0.261521972132905 0.263329706202394 0.403669724770642 0.368852459016393
"1116" 0.370808678500986 0.380761523046092 0.369731800766284 0.386694386694387 0.37344398340249
"1117" 0.370808678500986 0.380761523046092 0.369731800766284 0.386694386694387 0.37344398340249
"1118" 0.370808678500986 0.380761523046092 0.369731800766284 0.386694386694387 0.37344398340249
"1119" 0.370808678500986 0.380761523046092 0.369731800766284 0.386694386694387 0.37344398340249
"1120" 0.370808678500986 0.380761523046092 0.369731800766284 0.386694386694387 0.37344398340249
"1121" 0.25748502994012 0.268817204301075 0.25625 0.275607180570222 0.259975816203144
"1122" 0.25748502994012 0.268817204301075 0.25625 0.275607180570222 0.259975816203144
"1123" 0.25748502994012 0.268817204301075 0.25625 0.275607180570222 0.259975816203144
"1124" 0.25748502994012 0.268817204301075 0.25625 0.275607180570222 0.259975816203144
"1125" 0.371647509578544 0.361702127659574 0.374501992031873 0.36084452975048 0.369202226345083
"1126" 0.371647509578544 0.361702127659574 0.374501992031873 0.36084452975048 0.369202226345083
"1127" 0.371647509578544 0.361702127659574 0.374501992031873 0.36084452975048 0.369202226345083
"1128" 0.175572519083969 0.261521972132905 0.245210727969349 0.275607180570222 0.259975816203144
"1129" 0.175572519083969 0.261521972132905 0.245210727969349 0.275607180570222 0.259975816203144
"1130" 0.255639097744361 0.268817204301075 0.25625 0.258343634116193 0.274590163934426
"1131" 0.255639097744361 0.268817204301075 0.25625 0.258343634116193 0.274590163934426
"1132" 0.255639097744361 0.268817204301075 0.25625 0.258343634116193 0.274590163934426
"1133" 0.255639097744361 0.268817204301075 0.25625 0.258343634116193 0.274590163934426
"1134" 0.255639097744361 0.268817204301075 0.25625 0.258343634116193 0.274590163934426
"1135" 0.253333333333333 0.268817204301075 0.273381294964029 0.265330188679245 0.274590163934426
"1136" 0.253333333333333 0.268817204301075 0.273381294964029 0.265330188679245 0.274590163934426
"1137" 0.253333333333333 0.268817204301075 0.273381294964029 0.265330188679245 0.274590163934426
"1138" 0.253333333333333 0.268817204301075 0.273381294964029 0.265330188679245 0.274590163934426
"1139" 0.37015503875969 0.36996336996337 0.363813229571984 0.36734693877551 0.368320610687023
"1140" 0.37015503875969 0.36996336996337 0.363813229571984 0.36734693877551 0.368320610687023
"1141" 0.37015503875969 0.36996336996337 0.363813229571984 0.36734693877551 0.368320610687023
"1142" 0.37015503875969 0.36996336996337 0.363813229571984 0.36734693877551 0.368320610687023
"1143" 0.37015503875969 0.36996336996337 0.363813229571984 0.36734693877551 0.368320610687023
"1144" 0.370808678500986 0.36996336996337 0.367158671586716 0.36084452975048 0.373626373626374
"1145" 0.390909090909091 0.398230088495575 0.279591836734694 0.275607180570222 0.368852459016393
"1146" 0.390909090909091 0.398230088495575 0.279591836734694 0.275607180570222 0.368852459016393
"1147" 0.390909090909091 0.398230088495575 0.279591836734694 0.275607180570222 0.368852459016393
"1148" 0.390909090909091 0.398230088495575 0.279591836734694 0.275607180570222 0.368852459016393
"1149" 0.370808678500986 0.361702127659574 0.367158671586716 0.367424242424242 0.366471734892788
"1150" 0.371647509578544 0.380761523046092 0.363813229571984 0.36734693877551 0.366471734892788
"1151" 0.371647509578544 0.380761523046092 0.363813229571984 0.36734693877551 0.366471734892788
"1152" 0.371647509578544 0.380761523046092 0.363813229571984 0.36734693877551 0.366471734892788
"1153" 0.275862068965517 0.268817204301075 0.273381294964029 0.258343634116193 0.268703898840885
"1154" 0.275862068965517 0.268817204301075 0.273381294964029 0.258343634116193 0.268703898840885
"1155" 0.25748502994012 0.267015706806283 0.245210727969349 0.259782608695652 0.268703898840885
"1156" 0.25748502994012 0.267015706806283 0.245210727969349 0.259782608695652 0.268703898840885
"1157" 0.387755102040816 0.267015706806283 0.245210727969349 0.258343634116193 0.259975816203144
"1158" 0.387755102040816 0.267015706806283 0.245210727969349 0.258343634116193 0.259975816203144
"1159" 0.387755102040816 0.267015706806283 0.245210727969349 0.258343634116193 0.259975816203144
"1160" 0.387755102040816 0.267015706806283 0.245210727969349 0.258343634116193 0.259975816203144
"1161" 0.387755102040816 0.267015706806283 0.245210727969349 0.258343634116193 0.259975816203144
"1162" 0.1875 0.268817204301075 0.245210727969349 0.259782608695652 0.268703898840885
"1163" 0.1875 0.268817204301075 0.245210727969349 0.259782608695652 0.268703898840885
"1164" 0.1875 0.268817204301075 0.245210727969349 0.259782608695652 0.268703898840885
"1165" 0.1875 0.268817204301075 0.245210727969349 0.259782608695652 0.268703898840885
"1166" 0.292682926829268 0.268817204301075 0.245210727969349 0.259782608695652 0.268703898840885
"1167" 0.369747899159664 0.398230088495575 0.263329706202394 0.275607180570222 0.370967741935484
"1168" 0.369747899159664 0.398230088495575 0.263329706202394 0.275607180570222 0.370967741935484
"1169" 0.25748502994012 0.276955602536998 0.263329706202394 0.259782608695652 0.241551939924906
"1170" 0.25748502994012 0.276955602536998 0.263329706202394 0.259782608695652 0.241551939924906
"1171" 0.25748502994012 0.276955602536998 0.263329706202394 0.259782608695652 0.241551939924906
"1172" 0.25748502994012 0.276955602536998 0.263329706202394 0.259782608695652 0.241551939924906
"1173" 0.25748502994012 0.276955602536998 0.263329706202394 0.259782608695652 0.241551939924906
"1174" 0.370808678500986 0.361003861003861 0.363813229571984 0.36084452975048 0.366471734892788
"1175" 0.370808678500986 0.361003861003861 0.363813229571984 0.36084452975048 0.366471734892788
"1176" 0.370808678500986 0.361003861003861 0.363813229571984 0.36084452975048 0.366471734892788
"1177" 0.370808678500986 0.361003861003861 0.363813229571984 0.36084452975048 0.366471734892788
"1178" 0.370808678500986 0.361003861003861 0.363813229571984 0.36084452975048 0.366471734892788
"1179" 0.364468864468864 0.361702127659574 0.374501992031873 0.36084452975048 0.37344398340249
"1180" 0.364468864468864 0.361702127659574 0.374501992031873 0.36084452975048 0.37344398340249
"1181" 0.364468864468864 0.361702127659574 0.374501992031873 0.36084452975048 0.37344398340249
"1182" 0.364468864468864 0.361702127659574 0.374501992031873 0.36084452975048 0.37344398340249
"1183" 0.364468864468864 0.361702127659574 0.374501992031873 0.36084452975048 0.37344398340249
"1184" 0.255639097744361 0.268817204301075 0.25625 0.259782608695652 0.227642276422764
"1185" 0.255639097744361 0.268817204301075 0.25625 0.259782608695652 0.227642276422764
"1186" 0.255639097744361 0.268817204301075 0.25625 0.259782608695652 0.227642276422764
"1187" 0.255639097744361 0.268817204301075 0.25625 0.259782608695652 0.227642276422764
"1188" 0.255639097744361 0.268817204301075 0.25625 0.259782608695652 0.227642276422764
"1189" 0.265979381443299 0.268817204301075 0.273381294964029 0.275607180570222 0.274590163934426
"1190" 0.265979381443299 0.268817204301075 0.273381294964029 0.275607180570222 0.274590163934426
"1191" 0.265979381443299 0.268817204301075 0.273381294964029 0.275607180570222 0.274590163934426
"1192" 0.371647509578544 0.380761523046092 0.369731800766284 0.36084452975048 0.369202226345083
"1193" 0.371647509578544 0.380761523046092 0.369731800766284 0.36084452975048 0.369202226345083
"1194" 0.319018404907975 0.268817204301075 0.25625 0.275607180570222 0.259975816203144
"1195" 0.319018404907975 0.268817204301075 0.25625 0.275607180570222 0.259975816203144
"1196" 0.319018404907975 0.268817204301075 0.25625 0.275607180570222 0.259975816203144
"1197" 0.25748502994012 0.276955602536998 0.273381294964029 0.259782608695652 0.259975816203144
"1198" 0.25748502994012 0.276955602536998 0.273381294964029 0.259782608695652 0.259975816203144
"1199" 0.25748502994012 0.276955602536998 0.273381294964029 0.259782608695652 0.259975816203144
"1200" 0.25748502994012 0.276955602536998 0.273381294964029 0.259782608695652 0.259975816203144
"1201" 0.255639097744361 0.268817204301075 0.263329706202394 0.258343634116193 0.241551939924906
"1202" 0.255639097744361 0.268817204301075 0.263329706202394 0.258343634116193 0.241551939924906
"1203" 0.255639097744361 0.268817204301075 0.263329706202394 0.258343634116193 0.241551939924906
"1204" 0.255639097744361 0.268817204301075 0.263329706202394 0.258343634116193 0.241551939924906
"1205" 0.269230769230769 0.267015706806283 0.279591836734694 0.259782608695652 0.268703898840885
"1206" 0.253333333333333 0.267015706806283 0.279591836734694 0.259782608695652 0.268703898840885
"1207" 0.253333333333333 0.267015706806283 0.279591836734694 0.259782608695652 0.268703898840885
"1208" 0.25748502994012 0.267015706806283 0.273381294964029 0.258343634116193 0.274590163934426
"1209" 0.371647509578544 0.380761523046092 0.363813229571984 0.36084452975048 0.368320610687023
"1210" 0.371647509578544 0.380761523046092 0.363813229571984 0.36084452975048 0.368320610687023
"1211" 0.371647509578544 0.380761523046092 0.363813229571984 0.36084452975048 0.368320610687023
"1212" 0.371647509578544 0.380761523046092 0.363813229571984 0.36084452975048 0.368320610687023
"1213" 0.371647509578544 0.380761523046092 0.363813229571984 0.36084452975048 0.368320610687023
"1214" 0.265979381443299 0.276955602536998 0.263329706202394 0.265330188679245 0.241551939924906
"1215" 0.265979381443299 0.276955602536998 0.263329706202394 0.265330188679245 0.241551939924906
"1216" 0.265979381443299 0.276955602536998 0.263329706202394 0.265330188679245 0.241551939924906
"1217" 0.265979381443299 0.263473053892216 0.273381294964029 0.26255230125523 0.227642276422764
"1218" 0.265979381443299 0.263473053892216 0.273381294964029 0.26255230125523 0.227642276422764
"1219" 0.265979381443299 0.263473053892216 0.273381294964029 0.26255230125523 0.227642276422764
"1220" 0.265979381443299 0.263473053892216 0.279591836734694 0.26255230125523 0.273942093541203
"1221" 0.25748502994012 0.267015706806283 0.273381294964029 0.258343634116193 0.273942093541203
"1222" 0.371647509578544 0.377862595419847 0.375954198473282 0.36084452975048 0.373626373626374
"1223" 0.371647509578544 0.36996336996337 0.367158671586716 0.367424242424242 0.373626373626374
"1224" 0.255639097744361 0.276955602536998 0.279591836734694 0.259782608695652 0.224489795918367
"1225" 0.255639097744361 0.276955602536998 0.279591836734694 0.259782608695652 0.224489795918367
"1226" 0.255639097744361 0.276955602536998 0.279591836734694 0.259782608695652 0.273942093541203
"1227" 0.255639097744361 0.276955602536998 0.279591836734694 0.259782608695652 0.273942093541203
"1228" 0.255639097744361 0.276955602536998 0.279591836734694 0.259782608695652 0.273942093541203
"1229" 0.265979381443299 0.268817204301075 0.245210727969349 0.259782608695652 0.101449275362319
"1230" 0.37015503875969 0.380761523046092 0.374501992031873 0.36084452975048 0.368320610687023
"1231" 0.370808678500986 0.361003861003861 0.363813229571984 0.367424242424242 0.37344398340249
"1232" 0.0847457627118644 0.263473053892216 0.245210727969349 0.26255230125523 0.268703898840885
"1233" 0.0847457627118644 0.263473053892216 0.245210727969349 0.26255230125523 0.268703898840885
"1234" 0.0847457627118644 0.263473053892216 0.245210727969349 0.26255230125523 0.268703898840885
"1235" 0.0847457627118644 0.263473053892216 0.245210727969349 0.26255230125523 0.268703898840885
"1236" 0.0847457627118644 0.263473053892216 0.245210727969349 0.26255230125523 0.268703898840885
"1237" 0.25462962962963 0.276955602536998 0.245210727969349 0.258343634116193 0.273942093541203
"1238" 0.25462962962963 0.276955602536998 0.245210727969349 0.258343634116193 0.273942093541203
"1239" 0.25462962962963 0.276955602536998 0.245210727969349 0.258343634116193 0.273942093541203
"1240" 0.25462962962963 0.276955602536998 0.245210727969349 0.258343634116193 0.273942093541203
"1241" 0.25462962962963 0.276955602536998 0.245210727969349 0.258343634116193 0.273942093541203
"1242" 0.364468864468864 0.361702127659574 0.374501992031873 0.370093457943925 0.369202226345083
"1243" 0.364468864468864 0.361702127659574 0.374501992031873 0.370093457943925 0.369202226345083
"1244" 0.37015503875969 0.361003861003861 0.367158671586716 0.367424242424242 0.366471734892788
"1245" 0.374269005847953 0.36996336996337 0.367158671586716 0.386694386694387 0.366471734892788
"1246" 0.25748502994012 0.263473053892216 0.279591836734694 0.265330188679245 0.268703898840885
"1247" 0.25748502994012 0.263473053892216 0.279591836734694 0.265330188679245 0.268703898840885
"1248" 0.25748502994012 0.263473053892216 0.279591836734694 0.265330188679245 0.268703898840885
"1249" 0.25748502994012 0.263473053892216 0.279591836734694 0.265330188679245 0.268703898840885
"1250" 0.37015503875969 0.361702127659574 0.367158671586716 0.386694386694387 0.368320610687023
"1251" 0.37015503875969 0.361702127659574 0.367158671586716 0.386694386694387 0.368320610687023
"1252" 0.37015503875969 0.361702127659574 0.367158671586716 0.386694386694387 0.368320610687023
"1253" 0.37015503875969 0.361702127659574 0.367158671586716 0.386694386694387 0.368320610687023
"1254" 0.37015503875969 0.361702127659574 0.367158671586716 0.386694386694387 0.368320610687023
"1255" 0.371647509578544 0.380761523046092 0.363813229571984 0.36084452975048 0.369202226345083
"1256" 0.371647509578544 0.380761523046092 0.363813229571984 0.36084452975048 0.369202226345083
"1257" 0.319018404907975 0.268817204301075 0.273381294964029 0.275607180570222 0.259975816203144
"1258" 0.319018404907975 0.268817204301075 0.273381294964029 0.275607180570222 0.259975816203144
"1259" 0.319018404907975 0.268817204301075 0.273381294964029 0.275607180570222 0.259975816203144
"1260" 0.11864406779661 0.263473053892216 0.263329706202394 0.258343634116193 0.274590163934426
"1261" 0.11864406779661 0.263473053892216 0.263329706202394 0.258343634116193 0.274590163934426
"1262" 0.292682926829268 0.263473053892216 0.263329706202394 0.258343634116193 0.274590163934426
"1263" 0.371647509578544 0.36996336996337 0.375954198473282 0.367424242424242 0.37344398340249
"1264" 0.371647509578544 0.36996336996337 0.375954198473282 0.367424242424242 0.37344398340249
"1265" 0.371647509578544 0.36996336996337 0.375954198473282 0.367424242424242 0.37344398340249
"1266" 0.371647509578544 0.36996336996337 0.375954198473282 0.367424242424242 0.37344398340249
"1267" 0.25748502994012 0.268817204301075 0.279591836734694 0.275607180570222 0.268703898840885
"1268" 0.25748502994012 0.268817204301075 0.279591836734694 0.275607180570222 0.268703898840885
"1269" 0.25748502994012 0.268817204301075 0.279591836734694 0.275607180570222 0.268703898840885
"1270" 0.25748502994012 0.268817204301075 0.279591836734694 0.275607180570222 0.268703898840885
"1271" 0.25748502994012 0.263473053892216 0.25625 0.258343634116193 0.273942093541203
"1272" 0.25748502994012 0.263473053892216 0.25625 0.258343634116193 0.273942093541203
"1273" 0.25748502994012 0.263473053892216 0.25625 0.258343634116193 0.273942093541203
"1274" 0.25748502994012 0.263473053892216 0.25625 0.258343634116193 0.273942093541203
"1275" 0.25748502994012 0.263473053892216 0.25625 0.258343634116193 0.273942093541203
"1276" 0.37015503875969 0.36996336996337 0.375954198473282 0.386694386694387 0.369202226345083
"1277" 0.37015503875969 0.36996336996337 0.375954198473282 0.386694386694387 0.369202226345083
"1278" 0.37015503875969 0.36996336996337 0.375954198473282 0.386694386694387 0.369202226345083
"1279" 0.37015503875969 0.36996336996337 0.375954198473282 0.386694386694387 0.369202226345083
"1280" 0.37015503875969 0.36996336996337 0.375954198473282 0.386694386694387 0.369202226345083
"1281" 0.369747899159664 0.276955602536998 0.273381294964029 0.403669724770642 0.370967741935484
"1282" 0.369747899159664 0.276955602536998 0.273381294964029 0.403669724770642 0.370967741935484
"1283" 0.25462962962963 0.261521972132905 0.273381294964029 0.258343634116193 0.241551939924906
"1284" 0.25462962962963 0.261521972132905 0.273381294964029 0.258343634116193 0.241551939924906
"1285" 0.25462962962963 0.261521972132905 0.273381294964029 0.258343634116193 0.241551939924906
"1286" 0.25462962962963 0.261521972132905 0.273381294964029 0.258343634116193 0.241551939924906
"1287" 0.25462962962963 0.261521972132905 0.273381294964029 0.258343634116193 0.241551939924906
"1288" 0.25748502994012 0.261521972132905 0.245210727969349 0.258343634116193 0.241551939924906
"1289" 0.25748502994012 0.261521972132905 0.245210727969349 0.258343634116193 0.241551939924906
"1290" 0.25748502994012 0.261521972132905 0.245210727969349 0.258343634116193 0.241551939924906
"1291" 0.25748502994012 0.261521972132905 0.245210727969349 0.258343634116193 0.241551939924906
"1292" 0.374269005847953 0.361702127659574 0.363813229571984 0.36084452975048 0.366471734892788
"1293" 0.374269005847953 0.361702127659574 0.363813229571984 0.36084452975048 0.366471734892788
"1294" 0.374269005847953 0.361702127659574 0.363813229571984 0.36084452975048 0.366471734892788
"1295" 0.374269005847953 0.361702127659574 0.363813229571984 0.36084452975048 0.366471734892788
"1296" 0.25748502994012 0.261521972132905 0.273381294964029 0.26255230125523 0.273942093541203
"1297" 0.255639097744361 0.276955602536998 0.25625 0.26255230125523 0.241551939924906
"1298" 0.370808678500986 0.377862595419847 0.375954198473282 0.36734693877551 0.366471734892788
"1299" 0.255639097744361 0.276955602536998 0.263329706202394 0.258343634116193 0.268703898840885
"1300" 0.255639097744361 0.276955602536998 0.263329706202394 0.258343634116193 0.268703898840885
"1301" 0.255639097744361 0.276955602536998 0.263329706202394 0.258343634116193 0.268703898840885
"1302" 0.255639097744361 0.276955602536998 0.263329706202394 0.258343634116193 0.268703898840885
"1303" 0.371647509578544 0.36996336996337 0.374501992031873 0.370093457943925 0.368320610687023
"1304" 0.371647509578544 0.36996336996337 0.374501992031873 0.370093457943925 0.368320610687023
"1305" 0.371647509578544 0.36996336996337 0.374501992031873 0.370093457943925 0.368320610687023
"1306" 0.371647509578544 0.36996336996337 0.374501992031873 0.370093457943925 0.368320610687023
"1307" 0.370808678500986 0.361702127659574 0.375954198473282 0.370093457943925 0.369202226345083
"1308" 0.255639097744361 0.261521972132905 0.263329706202394 0.26255230125523 0.259975816203144
"1309" 0.255639097744361 0.261521972132905 0.263329706202394 0.26255230125523 0.259975816203144
"1310" 0.255639097744361 0.261521972132905 0.263329706202394 0.26255230125523 0.259975816203144
"1311" 0.109375 0.267015706806283 0.25625 0.259782608695652 0.227642276422764
"1312" 0.109375 0.267015706806283 0.25625 0.259782608695652 0.227642276422764
"1313" 0.109375 0.267015706806283 0.25625 0.259782608695652 0.227642276422764
"1314" 0.109375 0.267015706806283 0.25625 0.259782608695652 0.227642276422764
"1315" 0.371647509578544 0.361003861003861 0.375954198473282 0.36084452975048 0.366471734892788
"1316" 0.371647509578544 0.361003861003861 0.375954198473282 0.36084452975048 0.366471734892788
"1317" 0.25462962962963 0.267015706806283 0.263329706202394 0.275607180570222 0.268703898840885
"1318" 0.25462962962963 0.267015706806283 0.263329706202394 0.275607180570222 0.268703898840885
"1319" 0.25462962962963 0.267015706806283 0.263329706202394 0.275607180570222 0.268703898840885
"1320" 0.25748502994012 0.267015706806283 0.263329706202394 0.265330188679245 0.268703898840885
"1321" 0.25748502994012 0.267015706806283 0.263329706202394 0.265330188679245 0.268703898840885
"1322" 0.25748502994012 0.267015706806283 0.263329706202394 0.265330188679245 0.268703898840885
"1323" 0.25748502994012 0.267015706806283 0.263329706202394 0.265330188679245 0.268703898840885
"1324" 0.25748502994012 0.267015706806283 0.263329706202394 0.265330188679245 0.268703898840885
"1325" 0.265979381443299 0.261521972132905 0.279591836734694 0.275607180570222 0.241551939924906
"1326" 0.265979381443299 0.261521972132905 0.279591836734694 0.275607180570222 0.241551939924906
"1327" 0.265979381443299 0.261521972132905 0.279591836734694 0.275607180570222 0.241551939924906
"1328" 0.265979381443299 0.261521972132905 0.279591836734694 0.275607180570222 0.241551939924906
"1329" 0.371647509578544 0.380761523046092 0.374501992031873 0.370093457943925 0.373626373626374
"1330" 0.371647509578544 0.380761523046092 0.374501992031873 0.370093457943925 0.373626373626374
"1331" 0.371647509578544 0.380761523046092 0.374501992031873 0.370093457943925 0.373626373626374
"1332" 0.416666666666667 0.268817204301075 0.245210727969349 0.26255230125523 0.241551939924906
"1333" 0.416666666666667 0.268817204301075 0.245210727969349 0.26255230125523 0.241551939924906
"1334" 0.25748502994012 0.263473053892216 0.273381294964029 0.259782608695652 0.273942093541203
"1335" 0.25748502994012 0.263473053892216 0.273381294964029 0.259782608695652 0.273942093541203
"1336" 0.25748502994012 0.263473053892216 0.273381294964029 0.259782608695652 0.273942093541203
"1337" 0.37015503875969 0.377862595419847 0.369731800766284 0.386694386694387 0.373626373626374
"1338" 0.37015503875969 0.377862595419847 0.369731800766284 0.386694386694387 0.373626373626374
"1339" 0.37015503875969 0.377862595419847 0.369731800766284 0.386694386694387 0.373626373626374
"1340" 0.265979381443299 0.268817204301075 0.245210727969349 0.258343634116193 0.259975816203144
"1341" 0.11864406779661 0.263473053892216 0.263329706202394 0.275607180570222 0.274590163934426
"1342" 0.11864406779661 0.263473053892216 0.263329706202394 0.275607180570222 0.274590163934426
"1343" 0.11864406779661 0.263473053892216 0.263329706202394 0.275607180570222 0.274590163934426
"1344" 0.11864406779661 0.263473053892216 0.263329706202394 0.275607180570222 0.274590163934426
"1345" 0.292682926829268 0.263473053892216 0.263329706202394 0.275607180570222 0.274590163934426
"1346" 0.374269005847953 0.377862595419847 0.375954198473282 0.36084452975048 0.366471734892788
"1347" 0.374269005847953 0.377862595419847 0.375954198473282 0.36084452975048 0.366471734892788
"1348" 0.374269005847953 0.377862595419847 0.375954198473282 0.36084452975048 0.366471734892788
"1349" 0.374269005847953 0.377862595419847 0.375954198473282 0.36084452975048 0.366471734892788
"1350" 0.374269005847953 0.377862595419847 0.375954198473282 0.36084452975048 0.366471734892788
"1351" 0.37015503875969 0.36996336996337 0.363813229571984 0.386694386694387 0.368320610687023
"1352" 0.1875 0.263473053892216 0.273381294964029 0.265330188679245 0.273942093541203
"1353" 0.1875 0.263473053892216 0.273381294964029 0.265330188679245 0.273942093541203
"1354" 0.255639097744361 0.263473053892216 0.263329706202394 0.258343634116193 0.241551939924906
"1355" 0.255639097744361 0.263473053892216 0.263329706202394 0.258343634116193 0.241551939924906
"1356" 0.255639097744361 0.263473053892216 0.263329706202394 0.258343634116193 0.241551939924906
"1357" 0.255639097744361 0.263473053892216 0.263329706202394 0.258343634116193 0.241551939924906
"1358" 0.255639097744361 0.263473053892216 0.263329706202394 0.258343634116193 0.241551939924906
"1359" 0.364468864468864 0.380761523046092 0.369731800766284 0.36084452975048 0.366471734892788
"1360" 0.364468864468864 0.380761523046092 0.369731800766284 0.36084452975048 0.366471734892788
"1361" 0.364468864468864 0.380761523046092 0.369731800766284 0.36084452975048 0.366471734892788
"1362" 0.364468864468864 0.380761523046092 0.369731800766284 0.36084452975048 0.366471734892788
"1363" 0.364468864468864 0.380761523046092 0.369731800766284 0.36084452975048 0.366471734892788
"1364" 0.374269005847953 0.377862595419847 0.374501992031873 0.386694386694387 0.369202226345083
"1365" 0.25748502994012 0.276955602536998 0.245210727969349 0.265330188679245 0.259975816203144
"1366" 0.25748502994012 0.276955602536998 0.245210727969349 0.265330188679245 0.259975816203144
"1367" 0.25748502994012 0.276955602536998 0.245210727969349 0.265330188679245 0.259975816203144
"1368" 0.25748502994012 0.276955602536998 0.245210727969349 0.265330188679245 0.259975816203144
"1369" 0.255555555555556 0.263473053892216 0.25625 0.258343634116193 0.268703898840885
"1370" 0.255555555555556 0.263473053892216 0.25625 0.258343634116193 0.268703898840885
"1371" 0.255555555555556 0.263473053892216 0.25625 0.258343634116193 0.268703898840885
"1372" 0.25748502994012 0.276955602536998 0.279591836734694 0.275607180570222 0.274590163934426
"1373" 0.25748502994012 0.276955602536998 0.279591836734694 0.275607180570222 0.274590163934426
"1374" 0.25748502994012 0.276955602536998 0.279591836734694 0.275607180570222 0.274590163934426
"1375" 0.25748502994012 0.276955602536998 0.279591836734694 0.275607180570222 0.274590163934426
"1376" 0.25748502994012 0.263473053892216 0.245210727969349 0.275607180570222 0.259975816203144
"1377" 0.25748502994012 0.263473053892216 0.245210727969349 0.275607180570222 0.259975816203144
"1378" 0.25748502994012 0.263473053892216 0.245210727969349 0.275607180570222 0.259975816203144
"1379" 0.25748502994012 0.263473053892216 0.245210727969349 0.275607180570222 0.259975816203144
"1380" 0.25748502994012 0.263473053892216 0.245210727969349 0.275607180570222 0.259975816203144
"1381" 0.370808678500986 0.36996336996337 0.369731800766284 0.367424242424242 0.373626373626374
"1382" 0.370808678500986 0.36996336996337 0.369731800766284 0.367424242424242 0.373626373626374
"1383" 0.370808678500986 0.36996336996337 0.369731800766284 0.367424242424242 0.373626373626374
"1384" 0.370808678500986 0.36996336996337 0.369731800766284 0.367424242424242 0.373626373626374
"1385" 0.370808678500986 0.36996336996337 0.369731800766284 0.367424242424242 0.373626373626374
"1386" 0.37015503875969 0.377862595419847 0.367158671586716 0.36084452975048 0.37344398340249
"1387" 0.37015503875969 0.377862595419847 0.367158671586716 0.36084452975048 0.37344398340249
"1388" 0.37015503875969 0.377862595419847 0.367158671586716 0.36084452975048 0.37344398340249
"1389" 0.37015503875969 0.377862595419847 0.367158671586716 0.36084452975048 0.37344398340249
"1390" 0.37015503875969 0.377862595419847 0.367158671586716 0.36084452975048 0.37344398340249
"1391" 0.371647509578544 0.36996336996337 0.369731800766284 0.36734693877551 0.368320610687023
"1392" 0.364468864468864 0.380761523046092 0.369731800766284 0.36084452975048 0.368320610687023
"1393" 0.364468864468864 0.380761523046092 0.369731800766284 0.36084452975048 0.368320610687023
"1394" 0.265979381443299 0.268817204301075 0.25625 0.275607180570222 0.101449275362319
"1395" 0.265979381443299 0.268817204301075 0.25625 0.275607180570222 0.101449275362319
"1396" 0.265979381443299 0.268817204301075 0.279591836734694 0.258343634116193 0.224489795918367
"1397" 0.265979381443299 0.268817204301075 0.279591836734694 0.258343634116193 0.224489795918367
"1398" 0.265979381443299 0.268817204301075 0.279591836734694 0.258343634116193 0.224489795918367
"1399" 0.265979381443299 0.268817204301075 0.279591836734694 0.258343634116193 0.224489795918367
"1400" 0.265979381443299 0.268817204301075 0.279591836734694 0.258343634116193 0.224489795918367
"1401" 0.370808678500986 0.361702127659574 0.375954198473282 0.36734693877551 0.368320610687023
"1402" 0.371647509578544 0.361003861003861 0.374501992031873 0.370093457943925 0.366471734892788
"1403" 0.371647509578544 0.361003861003861 0.374501992031873 0.370093457943925 0.366471734892788
"1404" 0.371647509578544 0.361003861003861 0.374501992031873 0.370093457943925 0.366471734892788
"1405" 0.371647509578544 0.361003861003861 0.374501992031873 0.370093457943925 0.366471734892788
"1406" 0.371647509578544 0.361003861003861 0.374501992031873 0.370093457943925 0.366471734892788
"1407" 0.374269005847953 0.377862595419847 0.374501992031873 0.386694386694387 0.37344398340249
"1408" 0.25748502994012 0.276955602536998 0.245210727969349 0.265330188679245 0.274590163934426
"1409" 0.25748502994012 0.276955602536998 0.245210727969349 0.265330188679245 0.274590163934426
"1410" 0.37015503875969 0.361003861003861 0.374501992031873 0.386694386694387 0.366471734892788
"1411" 0.37015503875969 0.361003861003861 0.374501992031873 0.386694386694387 0.366471734892788
"1412" 0.37015503875969 0.361003861003861 0.374501992031873 0.386694386694387 0.366471734892788
"1413" 0.37015503875969 0.361003861003861 0.374501992031873 0.386694386694387 0.366471734892788
"1414" 0.364468864468864 0.361702127659574 0.363813229571984 0.36084452975048 0.369202226345083
"1415" 0.364468864468864 0.361702127659574 0.363813229571984 0.36084452975048 0.369202226345083
"1416" 0.364468864468864 0.361702127659574 0.363813229571984 0.36084452975048 0.369202226345083
"1417" 0.265979381443299 0.261521972132905 0.273381294964029 0.275607180570222 0.259975816203144
"1418" 0.265979381443299 0.261521972132905 0.273381294964029 0.275607180570222 0.259975816203144
"1419" 0.37015503875969 0.36996336996337 0.374501992031873 0.36734693877551 0.373626373626374
"1420" 0.416666666666667 0.276955602536998 0.25625 0.26255230125523 0.273942093541203
"1421" 0.416666666666667 0.276955602536998 0.25625 0.26255230125523 0.273942093541203
"1422" 0.416666666666667 0.276955602536998 0.25625 0.26255230125523 0.273942093541203
"1423" 0.416666666666667 0.276955602536998 0.25625 0.26255230125523 0.273942093541203
"1424" 0.416666666666667 0.276955602536998 0.25625 0.26255230125523 0.273942093541203
"1425" 0.364468864468864 0.377862595419847 0.374501992031873 0.36084452975048 0.366471734892788
"1426" 0.265979381443299 0.276955602536998 0.245210727969349 0.275607180570222 0.268703898840885
"1427" 0.265979381443299 0.276955602536998 0.245210727969349 0.275607180570222 0.268703898840885
"1428" 0.25748502994012 0.268817204301075 0.273381294964029 0.275607180570222 0.259975816203144
"1429" 0.25748502994012 0.268817204301075 0.273381294964029 0.275607180570222 0.259975816203144
"1430" 0.25462962962963 0.261521972132905 0.273381294964029 0.26255230125523 0.268703898840885
"1431" 0.265979381443299 0.276955602536998 0.273381294964029 0.265330188679245 0.274590163934426
"1432" 0.371647509578544 0.361702127659574 0.375954198473282 0.36084452975048 0.37344398340249
"1433" 0.371647509578544 0.361702127659574 0.375954198473282 0.36084452975048 0.37344398340249
"1434" 0.371647509578544 0.361702127659574 0.375954198473282 0.36084452975048 0.37344398340249
"1435" 0.371647509578544 0.361702127659574 0.375954198473282 0.36084452975048 0.37344398340249
"1436" 0.255639097744361 0.261521972132905 0.279591836734694 0.275607180570222 0.273942093541203
"1437" 0.255639097744361 0.261521972132905 0.279591836734694 0.275607180570222 0.273942093541203
"1438" 0.255639097744361 0.261521972132905 0.279591836734694 0.275607180570222 0.273942093541203
"1439" 0.255639097744361 0.261521972132905 0.279591836734694 0.275607180570222 0.273942093541203
"1440" 0.370808678500986 0.36996336996337 0.367158671586716 0.367424242424242 0.368320610687023
"1441" 0.370808678500986 0.36996336996337 0.367158671586716 0.367424242424242 0.368320610687023
"1442" 0.370808678500986 0.36996336996337 0.367158671586716 0.367424242424242 0.368320610687023
"1443" 0.265979381443299 0.263473053892216 0.263329706202394 0.265330188679245 0.227642276422764
"1444" 0.265979381443299 0.263473053892216 0.263329706202394 0.265330188679245 0.227642276422764
"1445" 0.265979381443299 0.263473053892216 0.263329706202394 0.265330188679245 0.227642276422764
"1446" 0.371647509578544 0.377862595419847 0.374501992031873 0.36734693877551 0.37344398340249
"1447" 0.253333333333333 0.261521972132905 0.25625 0.265330188679245 0.273942093541203
"1448" 0.253333333333333 0.261521972132905 0.25625 0.265330188679245 0.273942093541203
"1449" 0.253333333333333 0.261521972132905 0.25625 0.265330188679245 0.273942093541203
"1450" 0.265979381443299 0.267015706806283 0.273381294964029 0.259782608695652 0.268703898840885
"1451" 0.255639097744361 0.261521972132905 0.263329706202394 0.275607180570222 0.259975816203144
"1452" 0.255639097744361 0.261521972132905 0.263329706202394 0.275607180570222 0.259975816203144
"1453" 0.255639097744361 0.261521972132905 0.263329706202394 0.275607180570222 0.259975816203144
"1454" 0.255639097744361 0.261521972132905 0.263329706202394 0.275607180570222 0.259975816203144
"1455" 0.255639097744361 0.261521972132905 0.263329706202394 0.275607180570222 0.259975816203144
"1456" 0.265979381443299 0.261521972132905 0.383333333333333 0.259782608695652 0.268703898840885
"1457" 0.265979381443299 0.261521972132905 0.383333333333333 0.259782608695652 0.268703898840885
"1458" 0.265979381443299 0.261521972132905 0.383333333333333 0.259782608695652 0.268703898840885
"1459" 0.265979381443299 0.261521972132905 0.383333333333333 0.259782608695652 0.268703898840885
"1460" 0.374269005847953 0.36996336996337 0.363813229571984 0.367424242424242 0.37344398340249
"1461" 0.25748502994012 0.263473053892216 0.273381294964029 0.259782608695652 0.274590163934426
"1462" 0.25748502994012 0.263473053892216 0.273381294964029 0.259782608695652 0.274590163934426
"1463" 0.25748502994012 0.263473053892216 0.273381294964029 0.259782608695652 0.274590163934426
"1464" 0.374269005847953 0.361702127659574 0.363813229571984 0.386694386694387 0.368320610687023
"1465" 0.374269005847953 0.361702127659574 0.363813229571984 0.386694386694387 0.368320610687023
"1466" 0.374269005847953 0.361702127659574 0.363813229571984 0.386694386694387 0.368320610687023
"1467" 0.374269005847953 0.361702127659574 0.363813229571984 0.386694386694387 0.368320610687023
"1468" 0.374269005847953 0.361702127659574 0.363813229571984 0.386694386694387 0.368320610687023
"1469" 0.37015503875969 0.361702127659574 0.374501992031873 0.386694386694387 0.37344398340249
"1470" 0.37015503875969 0.361702127659574 0.374501992031873 0.386694386694387 0.37344398340249
"1471" 0.37015503875969 0.361702127659574 0.374501992031873 0.386694386694387 0.37344398340249
"1472" 0.37015503875969 0.361702127659574 0.374501992031873 0.386694386694387 0.37344398340249
"1473" 0.253333333333333 0.261521972132905 0.245210727969349 0.265330188679245 0.274590163934426
"1474" 0.371647509578544 0.36996336996337 0.375954198473282 0.370093457943925 0.366471734892788
"1475" 0.371647509578544 0.36996336996337 0.375954198473282 0.370093457943925 0.366471734892788
"1476" 0.371647509578544 0.36996336996337 0.375954198473282 0.370093457943925 0.366471734892788
"1477" 0.371647509578544 0.36996336996337 0.375954198473282 0.370093457943925 0.366471734892788
"1478" 0.255639097744361 0.276955602536998 0.273381294964029 0.26255230125523 0.227642276422764
"1479" 0.255639097744361 0.276955602536998 0.273381294964029 0.26255230125523 0.227642276422764
"1480" 0.255639097744361 0.267015706806283 0.263329706202394 0.275607180570222 0.227642276422764
"1481" 0.255639097744361 0.267015706806283 0.263329706202394 0.275607180570222 0.227642276422764
"1482" 0.371647509578544 0.377862595419847 0.375954198473282 0.386694386694387 0.368320610687023
"1483" 0.371647509578544 0.377862595419847 0.375954198473282 0.386694386694387 0.368320610687023
"1484" 0.371647509578544 0.377862595419847 0.375954198473282 0.386694386694387 0.368320610687023
"1485" 0.371647509578544 0.377862595419847 0.375954198473282 0.386694386694387 0.368320610687023
"1486" 0.255555555555556 0.268817204301075 0.245210727969349 0.275607180570222 0.259975816203144
"1487" 0.255555555555556 0.268817204301075 0.245210727969349 0.275607180570222 0.259975816203144
"1488" 0.255555555555556 0.268817204301075 0.245210727969349 0.275607180570222 0.259975816203144
"1489" 0.255555555555556 0.268817204301075 0.245210727969349 0.275607180570222 0.259975816203144
"1490" 0.255555555555556 0.268817204301075 0.245210727969349 0.275607180570222 0.259975816203144
"1491" 0.370808678500986 0.361702127659574 0.369731800766284 0.386694386694387 0.369202226345083
"1492" 0.370808678500986 0.361702127659574 0.369731800766284 0.386694386694387 0.369202226345083
"1493" 0.370808678500986 0.361702127659574 0.369731800766284 0.386694386694387 0.369202226345083
"1494" 0.370808678500986 0.361702127659574 0.369731800766284 0.386694386694387 0.369202226345083
"1495" 0.370808678500986 0.361702127659574 0.369731800766284 0.386694386694387 0.369202226345083
"1496" 0.369747899159664 0.268817204301075 0.383333333333333 0.382113821138211 0.268703898840885
"1497" 0.369747899159664 0.268817204301075 0.383333333333333 0.382113821138211 0.268703898840885
"1498" 0.25748502994012 0.267015706806283 0.25625 0.26255230125523 0.274590163934426
"1499" 0.25748502994012 0.267015706806283 0.25625 0.26255230125523 0.274590163934426
"1500" 0.25748502994012 0.267015706806283 0.25625 0.26255230125523 0.274590163934426
"1501" 0.25748502994012 0.267015706806283 0.25625 0.26255230125523 0.274590163934426
"1502" 0.25748502994012 0.267015706806283 0.25625 0.26255230125523 0.274590163934426
"1503" 0.371647509578544 0.361702127659574 0.375954198473282 0.36084452975048 0.368320610687023
"1504" 0.37015503875969 0.380761523046092 0.375954198473282 0.370093457943925 0.368320610687023
"1505" 0.37015503875969 0.380761523046092 0.375954198473282 0.370093457943925 0.368320610687023
"1506" 0.37015503875969 0.380761523046092 0.375954198473282 0.370093457943925 0.368320610687023
"1507" 0.37015503875969 0.380761523046092 0.375954198473282 0.370093457943925 0.368320610687023
"1508" 0.255639097744361 0.268817204301075 0.279591836734694 0.26255230125523 0.241551939924906
"1509" 0.255639097744361 0.268817204301075 0.279591836734694 0.26255230125523 0.241551939924906
"1510" 0.255639097744361 0.268817204301075 0.279591836734694 0.26255230125523 0.241551939924906
"1511" 0.255639097744361 0.268817204301075 0.279591836734694 0.26255230125523 0.241551939924906
"1512" 0.255639097744361 0.268817204301075 0.279591836734694 0.26255230125523 0.241551939924906
"1513" 0.319018404907975 0.268817204301075 0.245210727969349 0.26255230125523 0.241551939924906
"1514" 0.319018404907975 0.268817204301075 0.245210727969349 0.26255230125523 0.241551939924906
"1515" 0.255639097744361 0.261521972132905 0.245210727969349 0.26255230125523 0.259975816203144
"1516" 0.255639097744361 0.261521972132905 0.245210727969349 0.26255230125523 0.259975816203144
"1517" 0.255639097744361 0.261521972132905 0.245210727969349 0.26255230125523 0.259975816203144
"1518" 0.255639097744361 0.261521972132905 0.245210727969349 0.26255230125523 0.259975816203144
"1519" 0.255639097744361 0.261521972132905 0.245210727969349 0.26255230125523 0.259975816203144
"1520" 0.0847457627118644 0.263473053892216 0.25625 0.275607180570222 0.268703898840885
"1521" 0.0847457627118644 0.263473053892216 0.25625 0.275607180570222 0.268703898840885
"1522" 0.0847457627118644 0.263473053892216 0.25625 0.275607180570222 0.268703898840885
"1523" 0.175572519083969 0.263473053892216 0.245210727969349 0.258343634116193 0.274590163934426
"1524" 0.175572519083969 0.263473053892216 0.245210727969349 0.258343634116193 0.274590163934426
"1525" 0.175572519083969 0.263473053892216 0.245210727969349 0.258343634116193 0.274590163934426
"1526" 0.175572519083969 0.263473053892216 0.245210727969349 0.258343634116193 0.274590163934426
"1527" 0.369747899159664 0.276955602536998 0.263329706202394 0.259782608695652 0.268703898840885
"1528" 0.369747899159664 0.276955602536998 0.263329706202394 0.259782608695652 0.268703898840885
"1529" 0.369747899159664 0.276955602536998 0.263329706202394 0.259782608695652 0.268703898840885
"1530" 0.369747899159664 0.276955602536998 0.263329706202394 0.259782608695652 0.268703898840885
"1531" 0.37015503875969 0.377862595419847 0.374501992031873 0.370093457943925 0.366471734892788
"1532" 0.37015503875969 0.377862595419847 0.374501992031873 0.370093457943925 0.366471734892788
"1533" 0.37015503875969 0.377862595419847 0.374501992031873 0.370093457943925 0.366471734892788
"1534" 0.37015503875969 0.377862595419847 0.374501992031873 0.370093457943925 0.366471734892788
"1535" 0.37015503875969 0.377862595419847 0.374501992031873 0.370093457943925 0.366471734892788
"1536" 0.265979381443299 0.263473053892216 0.245210727969349 0.265330188679245 0.273942093541203
"1537" 0.265979381443299 0.263473053892216 0.245210727969349 0.265330188679245 0.273942093541203
"1538" 0.265979381443299 0.263473053892216 0.245210727969349 0.265330188679245 0.273942093541203
"1539" 0.265979381443299 0.263473053892216 0.245210727969349 0.265330188679245 0.227642276422764
"1540" 0.416666666666667 0.261521972132905 0.263329706202394 0.258343634116193 0.241551939924906
"1541" 0.25748502994012 0.263473053892216 0.279591836734694 0.26255230125523 0.268703898840885
"1542" 0.25748502994012 0.263473053892216 0.279591836734694 0.26255230125523 0.268703898840885
"1543" 0.109375 0.263473053892216 0.279591836734694 0.258343634116193 0.274590163934426
"1544" 0.374269005847953 0.361003861003861 0.374501992031873 0.36734693877551 0.373626373626374
"1545" 0.374269005847953 0.361003861003861 0.374501992031873 0.36734693877551 0.373626373626374
"1546" 0.25748502994012 0.267015706806283 0.245210727969349 0.258343634116193 0.241551939924906
"1547" 0.25748502994012 0.267015706806283 0.245210727969349 0.258343634116193 0.241551939924906
"1548" 0.25748502994012 0.267015706806283 0.245210727969349 0.258343634116193 0.241551939924906
"1549" 0.370808678500986 0.36996336996337 0.374501992031873 0.36084452975048 0.369202226345083
"1550" 0.370808678500986 0.36996336996337 0.374501992031873 0.36084452975048 0.369202226345083
"1551" 0.370808678500986 0.36996336996337 0.374501992031873 0.36084452975048 0.369202226345083
"1552" 0.370808678500986 0.36996336996337 0.374501992031873 0.36084452975048 0.369202226345083
"1553" 0.370808678500986 0.36996336996337 0.374501992031873 0.36084452975048 0.369202226345083
"1554" 0.255639097744361 0.261521972132905 0.25625 0.258343634116193 0.241551939924906
"1555" 0.255639097744361 0.261521972132905 0.25625 0.258343634116193 0.241551939924906
"1556" 0.255639097744361 0.261521972132905 0.25625 0.258343634116193 0.241551939924906
"1557" 0.255639097744361 0.261521972132905 0.25625 0.258343634116193 0.241551939924906
"1558" 0.319018404907975 0.276955602536998 0.273381294964029 0.265330188679245 0.268703898840885
"1559" 0.319018404907975 0.276955602536998 0.273381294964029 0.265330188679245 0.268703898840885
"1560" 0.319018404907975 0.276955602536998 0.273381294964029 0.265330188679245 0.268703898840885
"1561" 0.319018404907975 0.276955602536998 0.273381294964029 0.265330188679245 0.268703898840885
"1562" 0.319018404907975 0.276955602536998 0.273381294964029 0.265330188679245 0.268703898840885
"1563" 0.37015503875969 0.36996336996337 0.363813229571984 0.370093457943925 0.366471734892788
"1564" 0.253333333333333 0.398230088495575 0.273381294964029 0.26255230125523 0.268703898840885
"1565" 0.253333333333333 0.398230088495575 0.273381294964029 0.26255230125523 0.268703898840885
"1566" 0.253333333333333 0.398230088495575 0.273381294964029 0.26255230125523 0.268703898840885
"1567" 0.253333333333333 0.398230088495575 0.273381294964029 0.26255230125523 0.268703898840885
"1568" 0.255639097744361 0.263473053892216 0.263329706202394 0.26255230125523 0.259975816203144
"1569" 0.255639097744361 0.263473053892216 0.263329706202394 0.26255230125523 0.259975816203144
"1570" 0.255639097744361 0.263473053892216 0.263329706202394 0.26255230125523 0.259975816203144
"1571" 0.255639097744361 0.263473053892216 0.263329706202394 0.26255230125523 0.259975816203144
"1572" 0.255639097744361 0.263473053892216 0.263329706202394 0.26255230125523 0.259975816203144
"1573" 0.371647509578544 0.361702127659574 0.363813229571984 0.36734693877551 0.366471734892788
"1574" 0.416666666666667 0.261521972132905 0.273381294964029 0.258343634116193 0.268703898840885
"1575" 0.416666666666667 0.261521972132905 0.273381294964029 0.258343634116193 0.268703898840885
"1576" 0.319018404907975 0.268817204301075 0.25625 0.259782608695652 0.36283185840708
"1577" 0.25462962962963 0.268817204301075 0.25625 0.259782608695652 0.227642276422764
"1578" 0.25462962962963 0.268817204301075 0.25625 0.259782608695652 0.227642276422764
"1579" 0.25462962962963 0.268817204301075 0.25625 0.259782608695652 0.227642276422764
"1580" 0.364468864468864 0.380761523046092 0.363813229571984 0.386694386694387 0.37344398340249
"1581" 0.265979381443299 0.268817204301075 0.273381294964029 0.403669724770642 0.274590163934426
"1582" 0.265979381443299 0.268817204301075 0.273381294964029 0.403669724770642 0.274590163934426
"1583" 0.265979381443299 0.268817204301075 0.273381294964029 0.403669724770642 0.274590163934426
"1584" 0.265979381443299 0.268817204301075 0.273381294964029 0.403669724770642 0.274590163934426
"1585" 0.265979381443299 0.276955602536998 0.25625 0.265330188679245 0.259975816203144
"1586" 0.265979381443299 0.276955602536998 0.25625 0.265330188679245 0.259975816203144
"1587" 0.265979381443299 0.276955602536998 0.25625 0.265330188679245 0.259975816203144
"1588" 0.265979381443299 0.276955602536998 0.25625 0.265330188679245 0.259975816203144
"1589" 0.265979381443299 0.276955602536998 0.25625 0.265330188679245 0.259975816203144
"1590" 0.265979381443299 0.276955602536998 0.245210727969349 0.26255230125523 0.241551939924906
"1591" 0.265979381443299 0.276955602536998 0.245210727969349 0.26255230125523 0.241551939924906
"1592" 0.265979381443299 0.276955602536998 0.245210727969349 0.26255230125523 0.241551939924906
"1593" 0.265979381443299 0.276955602536998 0.245210727969349 0.26255230125523 0.241551939924906
"1594" 0.265979381443299 0.276955602536998 0.245210727969349 0.26255230125523 0.241551939924906
"1595" 0.265979381443299 0.276955602536998 0.263329706202394 0.259782608695652 0.259975816203144
"1596" 0.371647509578544 0.361702127659574 0.369731800766284 0.367424242424242 0.369202226345083
"1597" 0.371647509578544 0.361702127659574 0.369731800766284 0.367424242424242 0.369202226345083
"1598" 0.371647509578544 0.361702127659574 0.369731800766284 0.367424242424242 0.369202226345083
"1599" 0.318181818181818 0.276955602536998 0.245210727969349 0.259782608695652 0.274590163934426
"1600" 0.318181818181818 0.276955602536998 0.245210727969349 0.259782608695652 0.274590163934426
"1601" 0.37015503875969 0.361003861003861 0.369731800766284 0.367424242424242 0.369202226345083
"1602" 0.37015503875969 0.361003861003861 0.369731800766284 0.367424242424242 0.369202226345083
"1603" 0.37015503875969 0.361003861003861 0.369731800766284 0.367424242424242 0.369202226345083
"1604" 0.37015503875969 0.361003861003861 0.369731800766284 0.367424242424242 0.369202226345083
"1605" 0.37015503875969 0.361003861003861 0.369731800766284 0.367424242424242 0.369202226345083
"1606" 0.374269005847953 0.361003861003861 0.363813229571984 0.36734693877551 0.37344398340249
"1607" 0.374269005847953 0.361003861003861 0.363813229571984 0.36734693877551 0.37344398340249
"1608" 0.374269005847953 0.361003861003861 0.363813229571984 0.36734693877551 0.37344398340249
"1609" 0.374269005847953 0.361003861003861 0.363813229571984 0.36734693877551 0.37344398340249
"1610" 0.374269005847953 0.361003861003861 0.363813229571984 0.36734693877551 0.37344398340249
"1611" 0.255639097744361 0.268817204301075 0.25625 0.275607180570222 0.241551939924906
"1612" 0.255639097744361 0.268817204301075 0.25625 0.275607180570222 0.241551939924906
"1613" 0.255639097744361 0.268817204301075 0.25625 0.275607180570222 0.241551939924906
"1614" 0.255639097744361 0.268817204301075 0.25625 0.275607180570222 0.241551939924906
"1615" 0.255639097744361 0.268817204301075 0.25625 0.275607180570222 0.241551939924906
"1616" 0.255639097744361 0.267015706806283 0.25625 0.26255230125523 0.268703898840885
"1617" 0.255639097744361 0.267015706806283 0.25625 0.26255230125523 0.268703898840885
"1618" 0.319018404907975 0.267015706806283 0.25625 0.26255230125523 0.36283185840708
"1619" 0.319018404907975 0.267015706806283 0.25625 0.26255230125523 0.224489795918367
"1620" 0.253333333333333 0.261521972132905 0.263329706202394 0.26255230125523 0.241551939924906
"1621" 0.253333333333333 0.261521972132905 0.263329706202394 0.26255230125523 0.241551939924906
"1622" 0.253333333333333 0.261521972132905 0.263329706202394 0.26255230125523 0.241551939924906
"1623" 0.253333333333333 0.261521972132905 0.263329706202394 0.26255230125523 0.241551939924906
"1624" 0.253333333333333 0.261521972132905 0.263329706202394 0.26255230125523 0.241551939924906
"1625" 0.371647509578544 0.361702127659574 0.375954198473282 0.36084452975048 0.37344398340249
"1626" 0.371647509578544 0.361702127659574 0.375954198473282 0.36084452975048 0.37344398340249
"1627" 0.371647509578544 0.361702127659574 0.375954198473282 0.36084452975048 0.37344398340249
"1628" 0.371647509578544 0.361702127659574 0.375954198473282 0.36084452975048 0.37344398340249
"1629" 0.371647509578544 0.361702127659574 0.375954198473282 0.36084452975048 0.37344398340249
"1630" 0.364468864468864 0.361702127659574 0.363813229571984 0.367424242424242 0.366471734892788
"1631" 0.364468864468864 0.361702127659574 0.363813229571984 0.367424242424242 0.366471734892788
"1632" 0.364468864468864 0.361702127659574 0.363813229571984 0.367424242424242 0.366471734892788
"1633" 0.255639097744361 0.268817204301075 0.273381294964029 0.258343634116193 0.259975816203144
"1634" 0.255639097744361 0.268817204301075 0.273381294964029 0.258343634116193 0.259975816203144
"1635" 0.255639097744361 0.268817204301075 0.273381294964029 0.258343634116193 0.259975816203144
"1636" 0.255639097744361 0.268817204301075 0.273381294964029 0.258343634116193 0.259975816203144
"1637" 0.387755102040816 0.261521972132905 0.279591836734694 0.259782608695652 0.392857142857143
"1638" 0.318181818181818 0.261521972132905 0.279591836734694 0.259782608695652 0.392857142857143
"1639" 0.318181818181818 0.261521972132905 0.279591836734694 0.259782608695652 0.392857142857143
"1640" 0.25748502994012 0.268817204301075 0.279591836734694 0.259782608695652 0.259975816203144
"1641" 0.25748502994012 0.268817204301075 0.279591836734694 0.259782608695652 0.259975816203144
"1642" 0.25462962962963 0.263473053892216 0.245210727969349 0.265330188679245 0.273942093541203
"1643" 0.25462962962963 0.263473053892216 0.245210727969349 0.265330188679245 0.273942093541203
"1644" 0.25462962962963 0.263473053892216 0.245210727969349 0.265330188679245 0.273942093541203
"1645" 0.25462962962963 0.263473053892216 0.245210727969349 0.265330188679245 0.273942093541203
"1646" 0.25462962962963 0.263473053892216 0.245210727969349 0.265330188679245 0.273942093541203
"1647" 0.371647509578544 0.377862595419847 0.374501992031873 0.370093457943925 0.373626373626374
"1648" 0.371647509578544 0.377862595419847 0.374501992031873 0.370093457943925 0.373626373626374
"1649" 0.371647509578544 0.377862595419847 0.374501992031873 0.370093457943925 0.373626373626374
"1650" 0.371647509578544 0.377862595419847 0.374501992031873 0.370093457943925 0.373626373626374
"1651" 0.371647509578544 0.377862595419847 0.374501992031873 0.370093457943925 0.373626373626374
"1652" 0.255639097744361 0.268817204301075 0.25625 0.26255230125523 0.268703898840885
"1653" 0.255639097744361 0.268817204301075 0.25625 0.26255230125523 0.268703898840885
"1654" 0.255639097744361 0.268817204301075 0.25625 0.26255230125523 0.268703898840885
"1655" 0.255639097744361 0.268817204301075 0.25625 0.26255230125523 0.268703898840885
"1656" 0.255639097744361 0.268817204301075 0.25625 0.26255230125523 0.268703898840885
"1657" 0.25462962962963 0.261521972132905 0.273381294964029 0.275607180570222 0.241551939924906
"1658" 0.25462962962963 0.261521972132905 0.273381294964029 0.275607180570222 0.241551939924906
"1659" 0.25462962962963 0.261521972132905 0.273381294964029 0.275607180570222 0.241551939924906
"1660" 0.25462962962963 0.261521972132905 0.273381294964029 0.275607180570222 0.241551939924906
"1661" 0.25462962962963 0.261521972132905 0.273381294964029 0.275607180570222 0.241551939924906
"1662" 0.253333333333333 0.276955602536998 0.263329706202394 0.275607180570222 0.268703898840885
"1663" 0.253333333333333 0.276955602536998 0.263329706202394 0.275607180570222 0.268703898840885
"1664" 0.253333333333333 0.276955602536998 0.263329706202394 0.275607180570222 0.268703898840885
"1665" 0.253333333333333 0.276955602536998 0.263329706202394 0.275607180570222 0.268703898840885
"1666" 0.253333333333333 0.276955602536998 0.263329706202394 0.275607180570222 0.268703898840885
"1667" 0.374269005847953 0.36996336996337 0.374501992031873 0.36084452975048 0.366471734892788
"1668" 0.25748502994012 0.263473053892216 0.245210727969349 0.275607180570222 0.268703898840885
"1669" 0.25748502994012 0.263473053892216 0.245210727969349 0.275607180570222 0.268703898840885
"1670" 0.369747899159664 0.267015706806283 0.263329706202394 0.275607180570222 0.368852459016393
"1671" 0.369747899159664 0.267015706806283 0.263329706202394 0.275607180570222 0.368852459016393
"1672" 0.369747899159664 0.267015706806283 0.263329706202394 0.275607180570222 0.368852459016393
"1673" 0.369747899159664 0.267015706806283 0.263329706202394 0.275607180570222 0.368852459016393
"1674" 0.370808678500986 0.377862595419847 0.375954198473282 0.386694386694387 0.369202226345083
"1675" 0.370808678500986 0.377862595419847 0.375954198473282 0.386694386694387 0.369202226345083
"1676" 0.370808678500986 0.377862595419847 0.375954198473282 0.386694386694387 0.369202226345083
"1677" 0.370808678500986 0.377862595419847 0.375954198473282 0.386694386694387 0.369202226345083
"1678" 0.370808678500986 0.377862595419847 0.375954198473282 0.386694386694387 0.369202226345083
"1679" 0.109375 0.276955602536998 0.263329706202394 0.265330188679245 0.241551939924906
"1680" 0.109375 0.276955602536998 0.263329706202394 0.265330188679245 0.241551939924906
"1681" 0.109375 0.276955602536998 0.263329706202394 0.265330188679245 0.241551939924906
"1682" 0.109375 0.276955602536998 0.263329706202394 0.265330188679245 0.241551939924906
"1683" 0.390909090909091 0.261521972132905 0.273381294964029 0.403669724770642 0.370967741935484
"1684" 0.390909090909091 0.261521972132905 0.273381294964029 0.403669724770642 0.370967741935484
"1685" 0.390909090909091 0.261521972132905 0.273381294964029 0.403669724770642 0.370967741935484
"1686" 0.37015503875969 0.361702127659574 0.367158671586716 0.36734693877551 0.37344398340249
"1687" 0.37015503875969 0.361702127659574 0.367158671586716 0.36734693877551 0.37344398340249
"1688" 0.37015503875969 0.361702127659574 0.367158671586716 0.36734693877551 0.37344398340249
"1689" 0.37015503875969 0.361702127659574 0.367158671586716 0.36734693877551 0.37344398340249
"1690" 0.255639097744361 0.261521972132905 0.245210727969349 0.26255230125523 0.268703898840885
"1691" 0.37015503875969 0.380761523046092 0.363813229571984 0.36084452975048 0.368320610687023
"1692" 0.465116279069767 0.268817204301075 0.273381294964029 0.275607180570222 0.273942093541203
"1693" 0.465116279069767 0.268817204301075 0.273381294964029 0.275607180570222 0.273942093541203
"1694" 0.465116279069767 0.268817204301075 0.273381294964029 0.275607180570222 0.273942093541203
"1695" 0.465116279069767 0.268817204301075 0.273381294964029 0.275607180570222 0.273942093541203
"1696" 0.374269005847953 0.380761523046092 0.363813229571984 0.36734693877551 0.368320610687023
"1697" 0.374269005847953 0.380761523046092 0.363813229571984 0.36734693877551 0.368320610687023
"1698" 0.374269005847953 0.380761523046092 0.363813229571984 0.36734693877551 0.368320610687023
"1699" 0.374269005847953 0.380761523046092 0.363813229571984 0.36734693877551 0.368320610687023
"1700" 0.374269005847953 0.380761523046092 0.363813229571984 0.36734693877551 0.368320610687023
"1701" 0.370808678500986 0.380761523046092 0.363813229571984 0.367424242424242 0.369202226345083
"1702" 0.370808678500986 0.380761523046092 0.363813229571984 0.367424242424242 0.369202226345083
"1703" 0.370808678500986 0.380761523046092 0.363813229571984 0.367424242424242 0.369202226345083
"1704" 0.370808678500986 0.380761523046092 0.363813229571984 0.367424242424242 0.369202226345083
"1705" 0.371647509578544 0.361003861003861 0.375954198473282 0.370093457943925 0.366471734892788
"1706" 0.371647509578544 0.361003861003861 0.375954198473282 0.370093457943925 0.366471734892788
"1707" 0.371647509578544 0.361003861003861 0.375954198473282 0.370093457943925 0.366471734892788
"1708" 0.253333333333333 0.268817204301075 0.25625 0.265330188679245 0.259975816203144
"1709" 0.253333333333333 0.268817204301075 0.25625 0.265330188679245 0.259975816203144
"1710" 0.253333333333333 0.268817204301075 0.25625 0.265330188679245 0.259975816203144
"1711" 0.25462962962963 0.267015706806283 0.263329706202394 0.265330188679245 0.259975816203144
"1712" 0.25462962962963 0.267015706806283 0.263329706202394 0.265330188679245 0.259975816203144
"1713" 0.1875 0.276955602536998 0.263329706202394 0.259782608695652 0.392857142857143
"1714" 0.374269005847953 0.361702127659574 0.363813229571984 0.36734693877551 0.369202226345083
"1715" 0.255639097744361 0.276955602536998 0.245210727969349 0.258343634116193 0.268703898840885
"1716" 0.255639097744361 0.276955602536998 0.245210727969349 0.258343634116193 0.268703898840885
"1717" 0.255639097744361 0.276955602536998 0.245210727969349 0.258343634116193 0.268703898840885
"1718" 0.255639097744361 0.276955602536998 0.245210727969349 0.258343634116193 0.268703898840885
"1719" 0.255639097744361 0.276955602536998 0.245210727969349 0.258343634116193 0.268703898840885
"1720" 0.370808678500986 0.36996336996337 0.369731800766284 0.36734693877551 0.373626373626374
"1721" 0.255639097744361 0.263473053892216 0.25625 0.258343634116193 0.241551939924906
"1722" 0.255639097744361 0.263473053892216 0.25625 0.258343634116193 0.241551939924906
"1723" 0.255639097744361 0.263473053892216 0.25625 0.258343634116193 0.241551939924906
"1724" 0.255639097744361 0.263473053892216 0.25625 0.258343634116193 0.241551939924906
"1725" 0.253333333333333 0.263473053892216 0.263329706202394 0.259782608695652 0.259975816203144
"1726" 0.253333333333333 0.263473053892216 0.263329706202394 0.259782608695652 0.259975816203144
"1727" 0.253333333333333 0.263473053892216 0.263329706202394 0.259782608695652 0.259975816203144
"1728" 0.253333333333333 0.263473053892216 0.263329706202394 0.259782608695652 0.259975816203144
"1729" 0.374269005847953 0.377862595419847 0.369731800766284 0.386694386694387 0.368320610687023
"1730" 0.374269005847953 0.377862595419847 0.369731800766284 0.386694386694387 0.368320610687023
"1731" 0.374269005847953 0.377862595419847 0.369731800766284 0.386694386694387 0.368320610687023
"1732" 0.374269005847953 0.377862595419847 0.369731800766284 0.386694386694387 0.368320610687023
"1733" 0.374269005847953 0.377862595419847 0.369731800766284 0.386694386694387 0.368320610687023
"1734" 0.374269005847953 0.361702127659574 0.363813229571984 0.36734693877551 0.368320610687023
"1735" 0.392523364485981 0.261521972132905 0.273381294964029 0.382113821138211 0.370967741935484
"1736" 0.392523364485981 0.261521972132905 0.273381294964029 0.382113821138211 0.370967741935484
"1737" 0.392523364485981 0.261521972132905 0.273381294964029 0.382113821138211 0.370967741935484
"1738" 0.392523364485981 0.261521972132905 0.273381294964029 0.382113821138211 0.370967741935484
"1739" 0.265979381443299 0.263473053892216 0.25625 0.26255230125523 0.268703898840885
"1740" 0.265979381443299 0.263473053892216 0.25625 0.26255230125523 0.268703898840885
"1741" 0.265979381443299 0.263473053892216 0.25625 0.26255230125523 0.268703898840885
"1742" 0.265979381443299 0.263473053892216 0.25625 0.26255230125523 0.268703898840885
"1743" 0.265979381443299 0.263473053892216 0.25625 0.26255230125523 0.268703898840885
"1744" 0.370808678500986 0.361702127659574 0.369731800766284 0.36084452975048 0.368320610687023
"1745" 0.370808678500986 0.361702127659574 0.369731800766284 0.36084452975048 0.368320610687023
"1746" 0.370808678500986 0.361702127659574 0.369731800766284 0.36084452975048 0.368320610687023
"1747" 0.370808678500986 0.361702127659574 0.369731800766284 0.36084452975048 0.368320610687023
"1748" 0.370808678500986 0.361702127659574 0.369731800766284 0.36084452975048 0.368320610687023
"1749" 0.37015503875969 0.361003861003861 0.367158671586716 0.386694386694387 0.369202226345083
"1750" 0.37015503875969 0.361003861003861 0.367158671586716 0.386694386694387 0.369202226345083
"1751" 0.37015503875969 0.361003861003861 0.367158671586716 0.386694386694387 0.369202226345083
"1752" 0.37015503875969 0.361003861003861 0.367158671586716 0.386694386694387 0.369202226345083
"1753" 0.37015503875969 0.361003861003861 0.367158671586716 0.386694386694387 0.369202226345083
"1754" 0.370808678500986 0.377862595419847 0.375954198473282 0.36734693877551 0.373626373626374
"1755" 0.370808678500986 0.377862595419847 0.375954198473282 0.36734693877551 0.373626373626374
"1756" 0.370808678500986 0.377862595419847 0.375954198473282 0.36734693877551 0.373626373626374
"1757" 0.370808678500986 0.377862595419847 0.375954198473282 0.36734693877551 0.373626373626374
"1758" 0.370808678500986 0.377862595419847 0.375954198473282 0.36734693877551 0.373626373626374
"1759" 0.265979381443299 0.268817204301075 0.245210727969349 0.265330188679245 0.259975816203144
"1760" 0.265979381443299 0.268817204301075 0.245210727969349 0.265330188679245 0.259975816203144
"1761" 0.265979381443299 0.268817204301075 0.245210727969349 0.265330188679245 0.259975816203144
"1762" 0.265979381443299 0.268817204301075 0.245210727969349 0.265330188679245 0.259975816203144
"1763" 0.265979381443299 0.268817204301075 0.245210727969349 0.265330188679245 0.259975816203144
"1764" 0.37015503875969 0.361003861003861 0.367158671586716 0.370093457943925 0.37344398340249
"1765" 0.37015503875969 0.361003861003861 0.367158671586716 0.370093457943925 0.37344398340249
"1766" 0.37015503875969 0.361003861003861 0.367158671586716 0.370093457943925 0.37344398340249
"1767" 0.37015503875969 0.361003861003861 0.367158671586716 0.370093457943925 0.37344398340249
"1768" 0.37015503875969 0.361003861003861 0.367158671586716 0.370093457943925 0.37344398340249
"1769" 0.37015503875969 0.361003861003861 0.374501992031873 0.367424242424242 0.366471734892788
"1770" 0.37015503875969 0.361003861003861 0.374501992031873 0.367424242424242 0.366471734892788
"1771" 0.37015503875969 0.361003861003861 0.374501992031873 0.367424242424242 0.366471734892788
"1772" 0.37015503875969 0.361003861003861 0.374501992031873 0.367424242424242 0.366471734892788
"1773" 0.11864406779661 0.276955602536998 0.263329706202394 0.265330188679245 0.241551939924906
"1774" 0.364468864468864 0.361003861003861 0.374501992031873 0.36084452975048 0.366471734892788
"1775" 0.265979381443299 0.267015706806283 0.245210727969349 0.275607180570222 0.268703898840885
"1776" 0.265979381443299 0.267015706806283 0.245210727969349 0.275607180570222 0.268703898840885
"1777" 0.265979381443299 0.267015706806283 0.245210727969349 0.275607180570222 0.268703898840885
"1778" 0.265979381443299 0.267015706806283 0.245210727969349 0.275607180570222 0.268703898840885
"1779" 0.0847457627118644 0.268817204301075 0.279591836734694 0.275607180570222 0.273942093541203
"1780" 0.37015503875969 0.377862595419847 0.369731800766284 0.36734693877551 0.37344398340249
"1781" 0.387755102040816 0.276955602536998 0.25625 0.258343634116193 0.274590163934426
"1782" 0.387755102040816 0.276955602536998 0.25625 0.258343634116193 0.274590163934426
"1783" 0.387755102040816 0.276955602536998 0.25625 0.258343634116193 0.274590163934426
"1784" 0.371647509578544 0.380761523046092 0.367158671586716 0.386694386694387 0.368320610687023
"1785" 0.319018404907975 0.268817204301075 0.279591836734694 0.265330188679245 0.36283185840708
"1786" 0.319018404907975 0.268817204301075 0.279591836734694 0.265330188679245 0.36283185840708
"1787" 0.319018404907975 0.268817204301075 0.279591836734694 0.265330188679245 0.36283185840708
"1788" 0.370808678500986 0.361702127659574 0.367158671586716 0.386694386694387 0.37344398340249
"1789" 0.370808678500986 0.361702127659574 0.367158671586716 0.386694386694387 0.37344398340249
"1790" 0.387755102040816 0.263473053892216 0.245210727969349 0.26255230125523 0.259975816203144
"1791" 0.387755102040816 0.263473053892216 0.245210727969349 0.26255230125523 0.259975816203144
"1792" 0.387755102040816 0.263473053892216 0.245210727969349 0.26255230125523 0.259975816203144
"1793" 0.387755102040816 0.263473053892216 0.245210727969349 0.26255230125523 0.259975816203144
"1794" 0.265979381443299 0.267015706806283 0.245210727969349 0.26255230125523 0.274590163934426
"1795" 0.265979381443299 0.267015706806283 0.245210727969349 0.26255230125523 0.274590163934426
"1796" 0.265979381443299 0.267015706806283 0.245210727969349 0.26255230125523 0.274590163934426
"1797" 0.25748502994012 0.263473053892216 0.245210727969349 0.259782608695652 0.274590163934426
"1798" 0.25748502994012 0.263473053892216 0.245210727969349 0.259782608695652 0.274590163934426
"1799" 0.25462962962963 0.267015706806283 0.245210727969349 0.258343634116193 0.241551939924906
"1800" 0.25462962962963 0.267015706806283 0.245210727969349 0.258343634116193 0.241551939924906
"1801" 0.371647509578544 0.361003861003861 0.374501992031873 0.367424242424242 0.37344398340249
"1802" 0.371647509578544 0.361003861003861 0.374501992031873 0.367424242424242 0.37344398340249
"1803" 0.371647509578544 0.361003861003861 0.374501992031873 0.367424242424242 0.37344398340249
"1804" 0.370808678500986 0.361003861003861 0.369731800766284 0.370093457943925 0.366471734892788
"1805" 0.370808678500986 0.361003861003861 0.369731800766284 0.370093457943925 0.366471734892788
"1806" 0.370808678500986 0.361003861003861 0.369731800766284 0.370093457943925 0.366471734892788
"1807" 0.370808678500986 0.380761523046092 0.375954198473282 0.386694386694387 0.368320610687023
"1808" 0.370808678500986 0.380761523046092 0.375954198473282 0.386694386694387 0.368320610687023
"1809" 0.370808678500986 0.380761523046092 0.375954198473282 0.386694386694387 0.368320610687023
"1810" 0.370808678500986 0.380761523046092 0.375954198473282 0.386694386694387 0.368320610687023
"1811" 0.374269005847953 0.380761523046092 0.367158671586716 0.370093457943925 0.366471734892788
"1812" 0.374269005847953 0.380761523046092 0.367158671586716 0.370093457943925 0.366471734892788
"1813" 0.374269005847953 0.380761523046092 0.367158671586716 0.370093457943925 0.366471734892788
"1814" 0.416666666666667 0.276955602536998 0.263329706202394 0.275607180570222 0.259975816203144
"1815" 0.416666666666667 0.276955602536998 0.263329706202394 0.275607180570222 0.259975816203144
"1816" 0.416666666666667 0.276955602536998 0.263329706202394 0.275607180570222 0.259975816203144
"1817" 0.275862068965517 0.267015706806283 0.279591836734694 0.275607180570222 0.259975816203144
"1818" 0.275862068965517 0.267015706806283 0.279591836734694 0.275607180570222 0.259975816203144
"1819" 0.37015503875969 0.361702127659574 0.367158671586716 0.370093457943925 0.368320610687023
"1820" 0.37015503875969 0.361702127659574 0.367158671586716 0.370093457943925 0.368320610687023
"1821" 0.37015503875969 0.361702127659574 0.367158671586716 0.370093457943925 0.368320610687023
"1822" 0.371647509578544 0.36996336996337 0.375954198473282 0.386694386694387 0.37344398340249
"1823" 0.371647509578544 0.36996336996337 0.375954198473282 0.386694386694387 0.37344398340249
"1824" 0.371647509578544 0.36996336996337 0.375954198473282 0.386694386694387 0.37344398340249
"1825" 0.364468864468864 0.361003861003861 0.367158671586716 0.386694386694387 0.37344398340249
"1826" 0.364468864468864 0.361003861003861 0.367158671586716 0.386694386694387 0.37344398340249
"1827" 0.255639097744361 0.261521972132905 0.273381294964029 0.259782608695652 0.274590163934426
"1828" 0.255639097744361 0.261521972132905 0.273381294964029 0.259782608695652 0.274590163934426
"1829" 0.255639097744361 0.261521972132905 0.273381294964029 0.259782608695652 0.274590163934426
